0.0334699
0.329964
0.690636
0.422487
0.206265
0.250128
0.636559
0.863622
0.301656
0.0249239
0.364993
0.765381
0.31786
0.135728
0.106745
0.760672
0.0816723
0.550956
0.564652
0.743271
0.98176
0.21885
0.454396
0.518654
0.573842
0.555231
0.728546
0.628874
0.796128
0.583716
0.274766
0.829598
0.91368
0.965402
0.252085
0.119945
0.215531
0.888643
0.983568
0.517186
0.913567
0.34856
0.282567
0.231427
0.484289
0.389312
0.992099
0.565961
0.940269
0.556751
0.309231
0.922029
0.775601
0.763627
0.440683
0.349442
0.318858
0.169229
0.978316
0.114987
0.752945
0.253083
0.944585
0.666625
0.218485
0.196669
0.78657
0.434016
0.0853126
0.770138
0.951202
0.99888
0.118698
0.233769
0.230307
0.602987
0.623081
0.222406
0.168947
0.56335
0.779157
0.478179
0.485379
0.554758
0.241806
0.926062
0.904201
0.560665
0.0952909
0.882517
0.675651
0.848236
0.1356
0.620236
0.514861
0.354085
0.816905
0.301431
0.7881
0.902218
0.0715685
0.739302
0.901098
0.190266
0.973071
0.131405
0.793253
0.596153
0.353811
0.962201
0.159503
0.132969
0.440379
0.644882
0.687727
0.682186
0.570944
0.591927
0.24285
0.666234
0.474444
0.918502
0.51447
0.610044
0.538737
0.0293311
0.964129
0.355643
0.330762
0.752229
0.25786
0.402331
0.491532
0.158958
0.592597
0.464603
0.290363
0.38585
0.0607554
0.644175
0.348051
0.220258
0.777143
0.78843
0.86514
0.46487
0.470616
0.436084
0.0567978
0.713466
0.102318
0.531242
0.631968
0.616788
0.141286
0.170705
0.646119
0.105415
0.526348
0.976882
0.857645
0.784208
0.379212
0.349176
0.943166
0.971809
0.813779
0.233529
0.357659
0.874534
0.877704
0.70571
0.0947925
0.654848
0.49414
0.959932
0.119718
0.964755
0.396016
0.176516
0.678221
0.498334
0.707758
0.310189
0.115122
0.849044
0.480894
0.761242
0.95446
0.00724181
0.738123
0.812104
0.79145
0.117336
0.161281
0.734616
0.0891446
0.97506
0.968146
0.446804
0.849594
0.84585
0.152513
0.944386
0.500697
0.646653
0.904319
0.620415
0.611408
0.300335
0.796931
0.28963
0.798669
0.504688
0.599819
0.913791
0.353732
0.0807127
0.675033
0.308192
0.0879546
0.413157
0.120296
0.879404
0.530492
0.281577
0.614021
0.619637
0.256637
0.582166
0.0664406
0.10623
0.428016
0.218954
0.0506169
0.928713
0.865607
0.954936
0.549128
0.477015
0.255271
0.346058
0.766645
0.0539397
0.850747
0.366463
0.967731
0.204479
0.447176
0.642764
0.512671
0.535131
0.0559212
0.632968
0.414535
0.586414
0.914545
0.0285557
0.20605
0.171181
0.610722
0.272491
0.277412
0.0387377
0.491445
0.328028
0.967451
0.357052
0.282964
0.516578
0.834067
0.538235
0.862637
0.600712
0.592175
0.713384
0.967175
0.559906
0.917863
0.414351
0.20267
0.430534
0.949482
0.258591
0.0635017
0.364017
0.845005
0.978046
0.392572
0.0510553
0.149227
0.00329428
0.323546
0.426639
0.042032
0.814991
0.754667
0.00948263
0.172043
0.0376316
0.526061
0.00610973
0.575867
0.388698
0.606821
0.168041
0.102082
0.573996
0.727947
0.0199443
0.988347
0.930617
0.450478
0.937829
0.189208
0.51398
0.301845
0.0342134
0.492026
0.694418
0.0852687
0.641254
0.697712
0.408815
0.0678928
0.739744
0.223806
0.82256
0.749227
0.395849
0.860192
0.275288
0.401959
0.436058
0.663986
0.00877992
0.6041
0.766067
0.582776
0.332046
0.786012
0.571123
0.262664
0.23649
0.508952
0.451872
0.75047
0.810797
0.486085
0.242496
0.505215
0.571354
0.88375
0.202927
0.980169
0.951643
0.942671
0.203975
0.774203
0.691898
0.599824
0.634395
0.967185
0.00178255
0.0704536
0.631171
0.0105625
0.674553
0.397238
0.593339
0.00659965
0.18325
0.164462
0.269263
0.41974
0.673414
0.721135
0.17021
0.484211
0.207221
0.412706
0.989426
0.778575
0.296457
0.192353
0.758744
0.2481
0.135024
0.962719
0.0223031
0.826922
0.562543
0.656698
0.794107
0.564325
0.727152
0.425278
0.574888
0.401705
0.822517
0.168226
0.408305
0.00576649
0.332688
0.677568
0.425506
0.0061016
0.398703
0.595716
0.490313
0.605924
0.00842268
0.479738
0.384498
0.304879
0.672091
0.143242
0.552979
0.807115
0.105961
0.575282
0.634037
0.668503
0.23198
0.428144
0.232828
0.959132
0.853422
0.807716
0.360837
0.675939
0.975942
0.769142
0.681705
0.30863
0.44671
0.107212
0.314732
0.845413
0.702928
0.805044
0.451336
0.711351
0.284783
0.835835
0.0162299
0.956874
0.979077
0.569209
0.763989
0.0850374
0.144491
0.398026
0.753541
0.376471
0.82617
0.986369
0.335604
0.679593
0.794085
0.696441
0.355531
0.770027
0.465583
0.0372365
0.0786568
0.912292
0.144448
0.393388
0.757705
0.847376
0.198432
0.209041
0.558727
0.483215
0.0448762
0.574957
0.440089
0.0239529
0.144166
0.204078
0.10899
0.288657
0.602105
0.862531
0.665128
0.428275
0.8489
0.000731706
0.107868
0.642985
0.697173
0.463399
0.413011
0.162755
0.500636
0.491668
0.0750474
0.645084
0.885056
0.832752
0.49246
0.0834889
0.0417937
0.0511866
0.566704
0.0866699
0.626143
0.00679294
0.110623
0.770309
0.210871
0.219613
0.0589654
0.812976
0.0821441
0.724093
0.241251
0.931044
0.724825
0.349119
0.574029
0.421998
0.812518
0.98704
0.584753
0.313154
0.478708
0.6598
0.958238
0.363765
0.492553
0.450698
0.447254
0.534346
0.501884
0.0139576
0.621016
0.128027
0.0207505
0.731639
0.898336
0.231622
0.951252
0.957302
0.044598
0.0333963
0.681395
0.285849
0.96444
0.40622
0.634968
0.538469
0.828218
0.447486
0.525509
0.412971
0.76064
0.00421716
0.072771
0.718878
0.367982
0.565324
0.169576
0.815236
0.0996698
0.67146
0.829193
0.720686
0.799487
0.849944
0.452325
0.697823
0.0815655
0.403577
0.655125
0.126164
0.436974
0.33652
0.412013
0.401414
0.74274
0.0469811
0.939883
0.570958
0.494468
0.465392
0.983929
0.255108
0.469609
0.0567
0.973986
0.837591
0.622024
0.143561
0.652826
0.721693
0.815021
0.482019
0.442379
0.614508
0.331963
0.894704
0.312331
0.413529
0.298282
0.967456
0.539692
0.735255
0.303976
0.951705
0.136669
0.046716
0.998686
0.0765516
0.617674
0.493154
0.541943
0.601603
0.748262
0.0115521
0.658303
0.722247
0.849143
0.280327
0.865809
0.501969
0.00201995
0.68083
0.983988
0.444399
0.295338
0.315951
0.339104
0.60767
0.72948
0.637385
0.575126
0.269172
0.37264
0.879102
0.220877
0.509309
0.925818
0.219563
0.585861
0.543492
0.712717
0.127804
0.145095
0.460978
0.139356
0.803398
0.183226
0.988499
0.0837245
0.0490346
0.490468
0.0857445
0.729865
0.474456
0.530144
0.025203
0.790408
0.869247
0.632873
0.519888
0.506633
0.207999
0.78906
0.879273
0.0871003
0.00993722
0.388582
0.012918
0.2295
0.974443
0.55641
0.942217
0.102247
0.701505
0.403195
0.241603
0.504903
0.586421
0.230101
0.588627
0.635455
0.720569
0.674372
0.36532
0.195026
0.204515
0.390523
0.985434
0.0737629
0.0233958
0.505322
0.580396
0.231394
0.294382
0.459668
0.318495
0.304319
0.84825
0.331413
0.533819
0.822693
0.887823
0.476036
0.924939
0.589327
0.879231
0.166542
0.0942299
0.465652
0.396643
0.682857
0.101107
0.117213
0.357229
0.466427
0.312239
0.561744
0.85695
0.297672
0.635507
0.880346
0.802994
0.215903
0.111741
0.0973759
0.675571
0.430235
0.401695
0.523821
0.761648
0.935514
0.346514
0.64947
0.411551
0.271453
0.238798
0.290782
0.437995
0.333028
0.756434
0.834639
0.0158847
0.857541
0.951852
0.373114
0.323969
0.26409
0.934858
0.180919
0.561763
0.570365
0.0612652
0.364757
0.786268
0.173006
0.462133
0.461839
0.603241
0.863828
0.98566
0.364889
0.799342
0.332174
0.0143592
0.210893
0.603628
0.253157
0.501674
0.0416231
0.586184
0.258108
0.876262
0.602069
0.11565
0.828114
0.975183
0.439618
0.0922039
0.91004
0.620537
0.653967
0.480406
0.681802
0.0187234
0.266674
0.854808
0.480856
0.728513
0.458049
0.344684
0.714173
0.822938
0.144026
0.0463473
0.837297
0.354918
0.649975
0.0904538
0.856593
0.691598
0.676638
0.114701
0.56786
0.278707
0.230351
0.395974
0.25389
0.669969
0.488178
0.16393
0.290506
0.142144
0.644336
0.972308
0.160868
0.911009
0.827116
0.641724
0.639522
0.285165
0.986407
0.353695
0.108103
0.130433
0.400042
0.9454
0.485352
0.0500174
0.0358539
0.341944
0.741616
0.712492
0.456645
0.309476
0.991199
0.686996
0.70545
0.245089
0.356964
0.193627
0.409019
0.64747
0.335771
0.0533545
0.619778
0.496639
0.964364
0.446894
0.138362
0.603886
0.732059
0.12477
0.957581
0.840163
0.255203
0.357623
0.785563
0.740555
0.40764
0.821417
0.0824989
0.149256
0.533909
0.539144
0.458732
0.525108
0.22614
0.164182
0.770196
0.583104
0.357809
0.179215
0.230575
0.69358
0.23257
0.850353
0.190219
0.196933
0.297247
0.328581
0.800819
0.0293065
0.453351
0.7584
0.869469
0.708554
0.116023
0.655032
0.449109
0.523664
0.476448
0.531608
0.67292
0.0103568
0.0707522
0.131652
0.535464
0.296892
0.295833
0.305661
0.879997
0.653642
0.484876
0.110571
0.347222
0.717445
0.960924
0.537441
0.914379
0.258171
0.866023
0.715198
0.287477
0.319374
0.473598
0.156946
0.0279286
0.589621
0.811978
0.477038
0.113285
0.288426
0.00864573
0.786205
0.298783
0.0793979
0.917856
0.834247
0.37629
0.21369
0.139908
0.256287
0.867332
0.624784
0.366858
0.214555
0.342229
0.327781
0.751996
0.256608
0.585952
0.618019
0.971806
0.873429
0.937393
0.445404
0.0303755
0.965322
0.0350257
0.842353
0.442359
0.148311
0.130779
0.451005
0.934515
0.429562
0.530403
0.852372
0.26381
0.906693
0.0660615
0.403718
0.16298
0.933394
0.0285014
0.529837
0.147948
0.370731
0.857619
0.899944
0.627339
0.443571
0.517963
0.599145
0.317
0.455356
0.0445494
0.347376
0.420677
0.079575
0.189729
0.863036
0.227886
0.320508
0.314041
0.162401
0.750071
0.844444
0.0147723
0.0138802
0.751137
0.0808338
0.417598
0.914117
0.0142274
0.446099
0.443954
0.162176
0.81683
0.301572
0.0621195
0.444168
0.745143
0.580082
0.0433134
0.062143
0.0354377
0.0878627
0.409518
0.456115
0.167438
0.599247
0.319151
0.395323
0.919756
0.633193
0.557724
0.669826
0.477637
0.572496
0.683707
0.228774
0.65333
0.101304
0.142891
0.667558
0.547403
0.586845
0.829733
0.364233
0.888417
0.891853
0.808402
0.63356
0.471935
0.851715
0.695703
0.507372
0.939578
0.105222
0.963487
0.107015
0.704469
0.282638
0.502339
0.624225
0.915831
0.0600628
0.294051
0.393468
0.632559
0.977758
0.622242
0.285889
0.0790622
0.765133
0.953447
0.626466
0.351977
0.78318
0.990699
0.240395
0.675032
0.7991
0.873955
0.146967
0.650815
0.569658
0.654339
0.590393
0.674879
0.617827
0.697409
0.379348
0.900465
0.199747
0.00357296
0.816296
0.25981
0.297624
0.209764
0.892369
0.275382
0.832006
0.178259
0.354444
0.597139
0.131706
0.98091
0.949117
0.914885
0.971609
0.189511
0.589918
0.770709
0.0634659
0.736885
0.421524
0.633124
0.391224
0.0119177
0.308003
0.00905113
0.709326
0.687351
0.909516
0.909074
0.690924
0.725813
0.168884
0.988548
0.935577
0.0612535
0.26393
0.767583
0.239512
0.618374
0.364723
0.371218
0.599284
0.313839
0.286103
0.570893
0.50335
0.876021
0.341602
0.566816
0.612906
0.763126
0.19994
0.00413003
0.775044
0.507943
0.0131812
0.48437
0.195294
0.922698
0.393444
0.886218
0.64851
0.562328
0.874767
0.584087
0.623582
0.138697
0.351671
0.863094
0.757071
0.716393
0.234312
0.356355
0.0302326
0.520415
0.927248
0.533583
0.396436
0.26885
0.100399
0.00934122
0.0319759
0.300339
0.0134713
0.80702
0.808282
0.0266524
0.29139
0.00357633
0.94935
0.684834
0.889795
0.59786
0.247162
0.764561
0.181948
0.870744
0.903258
0.533619
0.733837
0.660329
0.250012
0.968149
0.0166842
0.280245
0.488564
0.943932
0.813828
0.884999
0.212782
0.914227
0.89434
0.244758
0.214566
0.907812
0.0517774
0.0228485
0.934464
0.343168
0.0264248
0.883814
0.0280016
0.916219
0.481674
0.275164
0.680781
0.663622
0.145908
0.584039
0.197241
0.879745
0.244368
0.447253
0.847894
0.261052
0.727498
0.336458
0.204984
0.541326
0.221457
0.417765
0.455553
0.115797
0.662523
0.670119
0.0236088
0.7143
0.692967
0.958073
0.0574678
0.719392
0.841887
0.0854694
0.635612
0.323561
0.360633
0.316392
0.987184
0.506541
0.900431
0.184425
0.386286
0.144799
0.631678
0.23418
0.40585
0.359176
0.570637
0.610834
0.900502
0.792094
0.0285994
0.356054
0.907891
0.691122
0.0261734
0.9315
0.405423
0.719141
0.889573
0.46289
0.438533
0.73146
0.54836
0.0741448
0.0550212
0.908993
0.390537
0.0422048
0.415534
0.290968
0.22663
0.80182
0.435767
0.858307
0.0359995
0.841617
0.217483
0.606637
0.452451
0.117985
0.398731
0.48105
0.474039
0.306623
0.172173
0.500213
0.238123
0.577595
0.219354
0.127696
0.0404857
0.657887
0.859156
0.588846
0.732032
0.914177
0.497839
0.122569
0.956381
0.913372
0.413537
0.183011
0.715192
0.849303
0.0413185
0.751192
0.69092
0.258802
0.357829
0.143371
0.376787
0.75656
0.624422
0.850827
0.0631824
0.796594
0.351039
0.301305
0.37419
0.570393
0.429001
0.414676
0.22828
0.288156
0.00352105
0.960311
0.202333
0.50136
0.0828798
0.158714
0.414732
0.496417
0.341725
0.129924
0.34572
0.383044
0.881116
0.0366401
0.641846
0.238945
0.180011
0.0186329
0.995504
0.804433
0.869459
0.0586867
0.601027
0.220499
0.359992
0.975217
0.790892
0.788993
0.389893
0.0191713
0.0771489
0.393414
0.979483
0.279482
0.894773
0.0623623
0.438196
0.309506
0.558779
0.779922
0.43943
0.904499
0.162966
0.320546
0.941139
0.804811
0.55949
0.12115
0.823444
0.554995
0.925583
0.692904
0.613681
0.526611
0.913403
0.973673
0.501828
0.704294
0.762666
0.891721
0.723466
0.839815
0.285135
0.702948
0.119296
0.179908
0.765311
0.557493
0.489414
0.324089
0.337414
0.928843
0.228588
0.50038
0.249389
0.169727
0.305191
0.80888
0.290877
0.128636
0.363874
0.216461
0.82154
0.977556
0.743071
0.734942
0.951229
0.244899
0.439237
0.713895
0.13662
0.162702
0.553709
0.421755
0.86565
0.673006
0.601663
0.630961
0.230499
0.0910763
0.95505
0.567913
0.0199197
0.183638
0.0682929
0.269309
0.353365
0.373484
0.0781885
0.644243
0.50212
0.442063
0.860703
0.32366
0.419619
0.603775
0.0586022
0.370848
0.848674
0.497839
0.0847425
0.985295
0.660541
0.638452
0.407049
0.526191
0.311458
0.00871213
0.157152
0.541957
0.0997884
0.112203
0.10987
0.119708
0.295841
0.178162
0.389017
0.649206
0.551647
0.467206
0.293449
0.0537669
0.909268
0.154153
0.377427
0.328887
0.757928
0.436029
0.699735
0.606602
0.933868
0.784477
0.591897
0.594409
0.422929
0.998946
0.1206
0.734387
0.00765827
0.277752
0.276344
0.107447
0.389955
0.386213
0.227155
0.685796
0.564376
0.616172
0.335003
0.116022
0.0833773
0.628452
0.169789
0.992646
0.782605
0.547216
0.321533
0.540532
0.983245
0.0212676
0.147134
0.917113
0.805745
0.739031
0.511522
0.228674
0.737977
0.632122
0.963061
0.745635
0.909874
0.239405
0.853082
0.299829
0.625618
0.0802367
0.985625
0.189994
0.696408
0.320628
0.306016
0.779786
0.94908
0.475805
0.772431
0.731684
0.0230211
0.0939643
0.272216
0.00626615
0.115232
0.41935
0.923379
0.920977
0.158381
0.4349
0.149651
0.896358
0.0670221
0.112712
0.641994
0.976896
0.352117
0.495076
0.276725
0.977735
0.575312
0.262351
0.167728
0.271721
0.582978
0.473744
0.0515067
0.532058
0.949549
0.823938
0.263742
0.97257
0.917902
0.535958
0.978836
0.0331343
0.955308
0.902215
0.954111
0.11369
0.337116
0.103762
0.0100482
0.404138
0.216474
0.652042
0.381034
0.56859
0.147118
0.65776
0.546325
0.72243
0.92011
0.714053
0.994151
0.503089
0.187797
0.045658
0.0351464
0.137346
0.869596
0.298888
0.109916
0.787499
0.834846
0.0887529
0.820633
0.790155
0.990968
0.774744
0.903845
0.328084
0.878506
0.913893
0.732222
0.0949792
0.565935
0.113256
0.66357
0.713052
0.771015
0.209895
0.435483
0.691126
0.923948
0.429634
0.194214
0.111745
0.475292
0.229361
0.249091
0.344888
0.528249
0.359008
0.132387
0.363095
0.44776
0.95302
0.15325
0.438729
0.727764
0.0570944
0.766813
0.606269
0.970987
0.499034
0.701248
0.536922
0.61229
0.364818
0.249974
0.383305
0.574712
0.685457
0.0744311
0.49866
0.115091
0.268645
0.610405
0.590383
0.498006
0.859496
0.935271
0.0262545
0.218504
0.0676577
0.38935
0.666264
0.0206774
0.5426
0.104993
0.748441
0.599694
0.871805
0.35471
0.570681
0.370839
0.0559584
0.107603
0.98313
0.420776
0.357577
0.366435
0.995489
0.0430344
0.440866
0.494149
0.158125
0.709511
0.104554
0.748508
0.207517
0.96405
0.683779
0.233772
0.182553
0.751437
0.623121
0.848818
0.772115
0.165721
0.95381
0.520555
0.765415
0.825616
0.875265
0.336096
0.196455
0.931224
0.443699
0.179585
0.352
0.801276
0.546019
0.347489
0.844311
0.986886
0.841638
0.00243599
0.696397
0.946192
0.750944
0.903914
0.910241
0.434724
0.137685
0.092795
0.186161
0.760807
0.941613
0.958275
0.926527
0.895423
0.478831
0.691942
0.721038
0.354096
0.0280378
0.917493
0.28532
0.471737
0.0970779
0.637321
0.273013
0.643097
0.98481
0.117323
0.629983
0.826448
0.119759
0.32638
0.772639
0.870704
0.230294
0.682881
0.305428
0.367979
0.775676
0.491588
0.128786
0.717288
0.449864
0.0553128
0.612711
0.928695
0.747255
0.33375
0.282791
0.775293
0.251243
0.568111
0.247029
0.348321
0.205432
0.520042
0.991418
0.190242
0.637365
0.621401
0.0166892
0.757125
0.947781
0.789328
0.627829
0.178075
0.472209
0.933256
0.546054
0.247885
0.424845
0.674839
0.965173
0.874709
0.730152
0.577884
0.803403
0.477407
0.911634
0.0861946
0.252699
0.162876
0.654306
0.499729
0.511197
0.859738
0.0197708
0.502616
0.0499799
0.657136
0.124017
0.0666691
0.414261
0.0717977
0.855998
0.0420896
0.249872
0.328207
0.975346
0.795926
0.576091
0.40019
0.470765
0.541264
0.274899
0.200917
0.119148
0.0783022
0.678324
0.0307819
0.164497
0.931023
0.193658
0.818803
0.430752
0.704856
0.678541
0.450523
0.207471
0.728521
0.107659
0.331488
0.79519
0.52192
0.403286
0.651187
0.56401
0.653158
0.979394
0.539355
0.449084
0.555485
0.939546
0.919849
0.0967496
0.214445
0.120766
0.215898
0.292747
0.79909
0.24668
0.457244
0.730113
0.440338
0.276046
0.160865
0.145194
0.954587
0.611388
0.352665
0.683108
0.719047
0.684153
0.478298
0.240967
0.0874383
0.129485
0.804977
0.740596
0.108879
0.344332
0.18968
0.664365
0.283878
0.109529
0.761114
0.498323
0.230295
0.977012
0.791069
0.029385
0.223692
0.248313
0.759498
0.664031
0.524359
0.920363
0.809225
0.478947
0.531751
0.16189
0.162055
0.250798
0.846042
0.640353
0.491765
0.933481
0.769839
0.296742
0.674077
0.878718
0.641074
0.863757
0.543083
0.924953
0.973286
0.304197
0.423275
0.203581
0.28121
0.214345
0.232966
0.504902
0.462658
0.992464
0.168933
0.987017
0.912828
0.978157
0.465964
0.444579
0.140047
0.628019
0.695377
0.986089
0.268372
0.187143
0.91957
0.0382104
0.483885
0.593647
0.916928
0.12496
0.457404
0.460011
0.049912
0.43069
0.764208
0.473187
0.634271
0.045418
0.687532
0.867237
0.55032
0.150189
0.859701
0.719253
0.137206
0.772529
0.69741
0.60317
0.217108
0.837456
0.231189
0.912485
0.823546
0.499561
0.0996284
0.743115
0.537771
0.583513
0.336762
0.454699
0.708473
0.794166
0.914711
0.758385
0.224855
0.678919
0.231572
0.859126
0.724337
0.919104
0.726363
0.274657
0.0692932
0.586064
0.993909
0.2065
0.358593
0.691319
0.80967
0.575701
0.528775
0.0408587
0.488186
0.352321
0.540419
0.587815
0.0954363
0.0781904
0.171328
0.432198
0.53289
0.879801
0.226364
0.4476
0.638186
0.451219
0.126519
0.869758
0.310346
0.850856
0.788862
0.0367085
0.125513
0.858155
0.622773
0.119422
0.0646551
0.981365
0.810741
0.874325
0.557066
0.339516
0.915183
0.0452527
0.691837
0.455603
0.633067
0.787274
0.533793
0.804396
0.219472
0.066683
0.684197
0.445836
0.514283
0.322383
0.897056
0.640803
0.192141
0.207401
0.491659
0.981004
0.24411
0.617171
0.839159
0.866882
0.736593
0.903814
0.848248
0.547335
0.778139
0.405314
0.886851
0.693323
0.450567
0.578688
0.148925
0.083634
0.365962
0.682719
0.88803
0.585434
0.749402
0.572227
0.0312701
0.263685
0.89461
0.928326
0.904487
0.0867511
0.135727
0.396146
0.0677548
0.379836
0.0133173
0.906914
0.246718
0.749911
0.810728
0.094966
0.297245
0.588867
0.50028
0.184096
0.28219
0.950846
0.762785
0.431115
0.0344803
0.128747
0.113834
0.92251
0.714181
0.863235
0.494736
0.745451
0.12692
0.389346
0.673777
0.0314076
0.476097
0.809504
0.427554
0.543852
0.18934
0.440871
0.450766
0.436058
0.190782
0.261494
0.531024
0.488027
0.850361
0.0313043
0.672123
0.132551
0.982151
0.434908
0.563666
0.0166309
0.563655
0.677499
0.939141
0.277836
0.540735
0.433877
0.023287
0.667655
0.823224
0.697064
0.699062
0.299321
0.506567
0.126616
0.843173
0.695907
0.567487
0.293939
0.131966
0.758268
0.555433
0.66299
0.246295
0.405794
0.694294
0.918419
0.538345
0.676445
0.353327
0.102011
0.693076
0.916981
0.77951
0.632217
0.194817
0.320245
0.0660943
0.218104
0.987899
0.889318
0.915168
0.686962
0.188639
0.421736
0.813578
0.0318115
0.117643
0.381064
0.32575
0.249609
0.139333
0.881183
0.912599
0.385628
0.286977
0.606893
0.304047
0.825322
0.283338
0.657373
0.927332
0.976414
0.574355
0.706842
0.608631
0.769172
0.0270867
0.674726
0.987276
0.0149862
0.564043
0.902445
0.701948
0.752682
0.32418
0.515526
0.784494
0.441823
0.89659
0.110244
0.691432
0.035923
0.991427
0.60403
0.421551
0.278404
0.210923
0.725598
0.103726
0.494262
0.382971
0.0310577
0.470676
0.957326
0.7379
0.0793074
0.726498
0.764987
0.754033
0.713775
0.779973
0.318076
0.616219
0.481921
0.0707586
0.940399
0.997446
0.855252
0.382222
0.894037
0.965496
0.0736539
0.92996
0.956923
0.677684
0.351511
0.235327
0.888608
0.0771086
0.339053
0.382869
0.46008
0.37011
0.853545
0.417406
0.10801
0.932853
0.143904
0.872997
0.686886
0.857678
0.65297
0.0049622
0.473897
0.13489
0.0757208
0.414297
0.132337
0.930973
0.796519
0.0263733
0.896469
0.870173
0.956333
0.853393
0.547857
0.307844
0.0887197
0.436465
0.384952
0.427772
0.819334
0.845032
0.797883
0.672879
0.262437
0.905893
0.605732
0.406341
0.77889
0.292618
0.264019
0.431859
0.29758
0.737916
0.56675
0.373301
0.152213
0.699086
0.304274
0.948732
0.72546
0.200743
0.818905
0.681792
0.0541359
0.366762
0.989636
0.142856
0.803226
0.374588
0.570628
0.62256
0.21962
0.368511
0.29544
0.482057
0.274404
0.901172
0.888398
0.0532934
0.19379
0.152417
0.485153
0.49137
0.890334
0.0519025
0.864671
0.0425464
0.750989
0.168944
0.991278
0.476449
0.369688
0.810183
0.158241
0.423824
0.176945
0.147877
0.566679
0.980171
0.522465
0.137307
0.602732
0.742085
0.505818
0.898171
0.224142
0.780221
0.799343
0.11254
0.833515
0.993133
0.264958
0.318668
0.484503
0.155291
0.37057
0.349173
0.197838
0.121559
0.518118
0.189116
0.598007
0.887805
0.999299
0.756248
0.311629
0.176243
0.904125
0.878308
0.156415
0.42659
0.0156155
0.759146
0.168675
0.521433
0.657318
0.392817
0.301655
0.456661
0.505358
0.13517
0.449794
0.770315
0.453837
0.934297
0.925606
0.824407
0.28347
0.123444
0.945966
0.801588
0.312559
0.543974
0.689393
0.311858
0.300222
0.00102249
0.488102
0.204347
0.879331
0.644516
0.630938
0.894946
0.403662
0.799613
0.41638
0.0609802
0.19243
0.718034
0.517641
0.697788
0.853204
0.967436
0.468103
0.307041
0.901733
0.393709
0.131449
0.185203
0.517153
0.0774148
0.986791
0.829712
0.621389
0.676184
0.14157
0.921611
0.677207
0.629672
0.125958
0.556537
0.274188
0.756896
0.451484
0.67785
0.556509
0.867863
0.73883
0.748939
0.585898
0.256472
0.446726
0.439102
0.223908
0.914829
0.746143
0.12564
0.308538
0.877592
0.310843
0.82569
0.955007
0.297634
0.655402
0.576395
0.973818
0.796973
0.498006
0.651024
0.426644
0.623964
0.207561
0.700832
0.38086
0.659045
0.378682
0.937368
0.526909
0.117513
0.686307
0.112807
0.373984
0.133033
0.551909
0.597892
0.0478618
0.298052
0.723532
0.3564
0.175644
0.0343751
0.18209
0.13065
0.332009
0.837492
0.707046
0.305826
0.634465
0.205051
0.95685
0.061109
0.829015
0.164412
0.761941
0.209875
0.823457
0.140623
0.147243
0.350366
0.258136
0.83355
0.463172
0.63212
0.966583
0.015081
0.230012
0.0144444
0.313133
0.953544
0.370844
0.488777
0.987919
0.552934
0.619427
0.319928
0.390426
0.326473
0.625754
0.024891
0.531524
0.582604
0.086
0.360539
0.747016
0.847941
0.570414
0.570473
0.988564
0.717657
0.920839
0.246699
0.551207
0.384011
0.878819
0.51779
0.399092
0.108831
0.532234
0.712225
0.0623753
0.903078
0.201002
0.0502944
0.456012
0.820429
0.370222
0.846438
0.146902
0.995976
0.871329
0.678426
0.578581
0.957329
0.0389652
0.325597
0.80527
0.60938
0.89607
0.793834
0.327037
0.816909
0.0405334
0.878244
0.200921
0.919353
0.396034
0.600013
0.028184
0.928268
0.312239
0.0905593
0.831346
0.51324
0.140854
0.287358
0.333669
0.511076
0.133797
0.480571
0.507052
0.0051261
0.158997
0.0856328
0.962455
0.197962
0.41123
0.767726
0.807341
0.3073
0.56156
0.134378
0.12421
0.602093
0.0126226
0.325131
0.521446
0.408656
0.925144
0.54963
0.336924
0.237382
0.640189
0.168271
0.750623
0.781043
0.455629
0.0842923
0.292119
0.589426
0.564863
0.799171
0.594552
0.72386
0.884804
0.557007
0.921822
0.296033
0.324733
0.729163
0.603334
0.886293
0.863541
0.727543
0.488386
0.876164
0.0526737
0.00983209
0.28482
0.977818
0.559462
0.621745
0.2152
0.199651
0.790016
0.965823
0.980694
0.245645
0.0501152
0.272813
0.835071
0.614978
0.0719838
0.429623
0.338838
0.956787
0.98663
0.26066
0.252821
0.311364
0.989823
0.856154
0.197657
0.853364
0.583698
0.686043
0.729528
0.636371
0.695875
0.0143488
0.614189
0.255337
0.636094
0.829389
0.454988
0.42611
0.795212
0.435682
0.671755
0.845327
0.708495
0.506825
0.460305
0.780479
0.936448
0.799144
0.737267
0.923079
0.0598034
0.990087
0.234443
0.0496262
0.846242
0.432099
0.90299
0.42994
0.118142
0.632519
0.0663109
0.814017
0.646868
0.6805
0.0693536
0.282961
0.509889
0.524342
0.709071
0.305101
0.960024
0.380825
0.150428
0.668519
0.887651
0.610733
0.448999
0.824099
0.409877
0.186265
0.747178
0.46968
0.176353
0.981621
0.519306
0.0225945
0.41372
0.422297
0.452534
0.531862
0.0548156
0.518845
0.345879
0.701683
0.199345
0.415232
0.984645
0.709233
0.939574
0.693715
0.0143339
0.899598
0.0745409
0.164762
0.568117
0.962192
0.775495
0.0171159
0.786291
0.185371
0.203381
0.533469
0.655052
0.379734
0.51509
0.174358
0.402328
0.92881
0.596655
0.854862
0.460672
0.65147
0.373707
0.806551
0.353154
0.573052
0.221783
0.337798
0.282285
0.161357
0.0315136
0.296619
0.0609546
0.106055
0.461381
0.629072
0.0682463
0.236876
0.646188
0.854537
0.422247
0.849569
0.388007
0.0772986
0.229303
0.903097
0.251657
0.631631
0.831907
0.848312
0.486493
0.29258
0.499782
0.860201
0.0991303
0.852936
0.433253
0.320913
0.190734
0.715538
0.48227
0.222247
0.0121573
0.543224
0.328302
0.473538
0.172296
0.396548
0.710414
0.818484
0.251086
0.132661
0.668054
0.639093
0.209959
0.897356
0.54219
0.461616
0.528987
0.374097
0.309928
0.0154806
0.666677
0.80971
0.875681
0.765807
0.662645
0.308934
0.0867202
0.853379
0.0244719
0.56899
0.0756264
0.0366292
0.112215
0.403928
0.510167
0.284511
0.800477
0.220581
0.102995
0.0515624
0.353242
0.771049
0.690655
0.563201
0.668405
0.232845
0.0248175
0.197392
0.606942
0.334745
0.212873
0.273619
0.144455
0.0885544
0.0394259
0.8071
0.397488
0.126146
0.660479
0.42196
0.695136
0.736105
0.458589
0.807351
0.140034
0.968757
0.0918617
0.94051
0.189338
0.194857
0.992073
0.54258
0.965906
0.682728
0.105781
0.634311
0.915573
0.130599
0.831704
0.522515
0.465344
0.0445768
0.796134
0.609799
0.133131
0.835559
0.416899
0.530619
0.961706
0.0773779
0.952579
0.656842
0.813483
0.411169
0.464192
0.953517
0.379926
0.556054
0.894028
0.569264
0.750911
0.8861
0.111844
0.716817
0.568828
0.217625
0.351128
0.484401
0.348224
0.182832
0.00691571
0.813568
0.227409
0.803049
0.423367
0.36054
0.638609
0.840266
0.891159
0.600314
0.917644
0.843739
0.257156
0.731127
0.254908
0.721349
0.684644
0.634833
0.277403
0.578672
0.204097
0.0283139
0.464772
0.315941
0.745131
0.0336004
0.533566
0.0962595
0.518001
0.88179
0.279092
0.524917
0.695358
0.506501
0.327966
0.118725
0.867041
0.966575
0.958991
0.7582
0.56689
0.876635
0.601939
0.824046
0.607762
0.856847
0.545394
0.292406
0.49168
0.822797
0.871078
0.695778
0.851111
0.33585
0.0117182
0.596242
0.36945
0.545284
0.692502
0.887451
0.427074
0.971593
0.412369
0.122431
0.478094
0.740335
0.241156
0.345134
0.70691
0.200147
0.103334
0.2738
0.0767815
0.705274
0.0978456
0.684543
0.562121
0.64324
0.976949
0.0538011
0.466037
0.848027
0.749579
0.317148
0.183876
0.761297
0.91339
0.553326
0.306581
0.605892
0.440778
0.733654
0.577485
0.853146
0.856086
0.0555789
0.593481
0.0972419
0.400713
0.300391
0.297389
0.504048
0.574191
0.37417
0.209321
0.672037
0.0587136
0.771442
0.315277
0.0356625
0.825243
0.781314
0.883689
0.574822
0.0984625
0.0675652
0.336118
0.0118528
0.620892
0.642699
0.617745
0.0616693
0.376353
0.19523
0.914816
0.232439
0.250809
0.508297
0.329681
0.651522
0.808689
0.62707
0.15557
0.38288
0.00124021
0.364891
0.0549168
0.0599538
0.136333
0.370194
0.0956163
0.961576
0.151508
0.979305
0.536398
0.24997
0.0468705
0.872516
0.261823
0.667762
0.515215
0.879568
0.729431
0.891568
0.0747979
0.644247
0.124007
0.325607
0.152544
0.453688
0.977129
0.961233
0.0807578
0.132699
0.344112
0.081998
0.49759
0.399029
0.141952
0.633923
0.769223
0.237568
0.595499
0.920731
0.216873
0.131896
0.170701
0.263744
0.00441228
0.432525
0.931506
0.519627
0.312093
0.660937
0.411196
0.386891
0.305184
0.535203
0.712497
0.457728
0.988891
0.689626
0.418961
0.0696486
0.822325
0.763073
0.151647
0.319914
0.162102
0.293598
0.953837
0.931325
0.531167
0.549336
0.852056
0.74804
0.681232
0.0227577
0.0117837
0.685644
0.455282
0.94329
0.205272
0.767375
0.604227
0.616467
0.154266
0.909411
0.15167
0.866763
0.367139
0.140561
0.55639
0.7861
0.210209
0.378714
0.549173
0.361856
0.698629
0.711276
0.655454
0.652466
0.642601
0.186621
0.201801
0.494657
0.934661
0.883033
0.517415
0.946445
0.568678
0.972697
0.889734
0.77395
0.740073
0.493961
0.390417
0.894338
0.403372
0.542087
0.761102
0.770511
0.682647
0.317491
0.556611
0.892857
0.696205
0.105784
0.254712
0.394834
0.817059
0.910167
0.0472997
0.45966
0.0967878
0.249101
0.954317
0.0314487
0.132135
0.471732
0.977893
0.700812
0.44443
0.867627
0.474762
0.184502
0.361588
0.865179
0.0788405
0.76496
0.407265
0.839942
0.53547
0.0899123
0.157434
0.0920807
0.982769
0.853639
0.197864
0.237481
0.248473
0.0149238
0.147648
0.295773
0.474584
0.244436
0.544874
0.428901
0.275885
0.677009
0.900634
0.253778
0.377821
0.345063
0.121405
0.852583
0.529565
0.482993
0.717762
0.608406
0.247953
0.125027
0.448348
0.783423
0.214939
0.605782
0.875503
0.197708
0.459421
0.0733679
0.435189
0.707894
0.0882917
0.582837
0.0036669
0.562876
0.827273
0.548541
0.991777
0.103158
0.22555
0.892411
0.356936
0.603371
0.237474
0.478341
0.455954
0.767039
0.961334
0.173715
0.375445
0.209286
0.298742
0.823793
0.992709
0.513681
0.429574
0.868213
0.711388
0.888995
0.941581
0.146577
0.596889
0.0298723
0.729415
0.600556
0.592748
0.556688
0.149097
0.584525
0.659846
0.374647
0.476936
0.0167813
0.978017
0.71441
0.495122
0.433971
0.481449
0.456456
0.607686
0.856893
0.665743
0.906428
0.680686
0.658452
0.420108
0.110261
0.526664
0.131496
0.999256
0.468245
0.278074
0.596145
0.498117
0.00748827
0.196701
0.0908651
0.564176
0.345798
0.67539
0.224022
0.720445
0.152326
0.240803
0.698462
0.866736
0.735925
0.132433
0.348184
0.192381
0.740119
0.205078
0.858124
0.646546
0.885764
0.516575
0.0666543
0.996025
0.0432397
0.198151
0.995281
0.511485
0.476224
0.591426
0.00960165
0.483713
0.788127
0.100467
0.0478887
0.133925
0.775857
0.27191
0.85437
0.928183
0.512713
0.552832
0.794919
0.248638
0.685264
0.143103
0.44102
0.425383
0.348181
0.299143
0.0719291
0.233945
0.815719
0.138583
0.22997
0.858958
0.336734
0.225251
0.370443
0.812959
0.816677
0.380045
0.296671
0.604804
0.480511
0.34456
0.73873
0.256368
0.61647
0.5931
0.184551
0.129184
0.145931
0.97947
0.377822
0.831196
0.122573
0.818841
0.256579
0.470754
0.117985
0.328508
0.704699
0.933703
0.467091
0.934669
0.792662
0.803825
0.15992
0.163104
0.616784
0.976597
0.543149
0.913455
0.581402
0.0236602
0.258015
0.320131
0.280028
0.874486
0.913231
0.46458
0.00366925
0.0591624
0.444049
0.381491
0.890358
0.566622
0.200333
0.146937
0.0373761
0.318317
0.475445
0.742075
0.252021
0.942537
0.676744
0.0446822
0.746362
0.836665
0.207787
0.363146
0.813262
0.750936
0.276601
0.394664
0.774596
0.534616
0.714795
0.0546243
0.409102
0.628026
0.519204
0.412771
0.687189
0.963253
0.794262
0.577547
0.529875
0.994595
0.724484
0.567252
0.312912
0.19993
0.309327
0.564933
0.142466
0.986071
0.609615
0.888828
0.822736
0.817402
0.251974
0.635998
0.568337
0.528575
0.0306618
0.342933
0.0631916
0.745457
0.397557
0.472294
0.373483
0.916761
0.885065
0.0606723
0.880015
0.679327
0.638219
0.40989
0.673922
0.362704
0.977142
0.986835
0.562634
0.286468
0.551768
0.7051
0.272539
0.161383
0.593928
0.0952749
0.978785
0.845903
0.731273
0.547122
0.374478
0.761934
0.890055
0.43767
0.507392
0.287613
0.909963
0.880875
0.204374
0.795028
0.941547
0.0843884
0.474355
0.579767
0.494278
0.148277
0.942471
0.47142
0.135112
0.505104
0.757888
0.68688
0.210204
0.0304274
0.848263
0.804133
0.125702
0.827047
0.650035
0.856975
0.374169
0.0245133
0.618909
0.264224
0.462183
0.126301
0.551837
0.372146
0.00717595
0.756211
0.167174
0.948723
0.840599
0.641529
0.52849
0.334877
0.789807
0.470961
0.806297
0.924919
0.976065
0.564186
0.611799
0.18627
0.594613
0.460061
0.990402
0.720315
0.287108
0.640438
0.57729
0.661277
0.664951
0.196199
0.925502
0.127134
0.3225
0.477338
0.49928
0.329676
0.233549
0.666454
0.278399
0.0741481
0.307983
0.80689
0.409026
0.0977895
0.27785
0.215323
0.0227082
0.253915
0.779509
0.634507
0.440185
0.374121
0.0945679
0.430587
0.0944366
0.381676
0.0710251
0.671727
0.0429536
0.735976
0.867926
0.968455
0.86311
0.190426
0.445794
0.36239
0.520102
0.679343
0.0288436
0.798502
0.753491
0.336826
0.605391
0.162516
0.434616
0.883242
0.377839
0.457324
0.137157
0.157348
0.0918308
0.577342
0.531469
0.186399
0.00792936
0.625906
0.568075
0.0789545
0.297632
0.611028
0.814931
0.165558
0.579484
0.678041
0.355984
0.0252771
0.0404304
0.876087
0.70462
0.069274
0.674588
0.45811
0.4061
0.27998
0.620627
0.840716
0.163221
0.998466
0.29804
0.300378
0.155814
0.389871
0.87772
0.687283
0.57627
0.885649
0.313189
0.144345
0.964604
0.610821
0.755373
0.779535
0.776379
0.334857
0.457575
0.132364
0.360134
0.498006
0.00845056
0.0647537
0.567279
0.683039
0.522864
0.97338
0.963019
0.143491
0.814096
0.12624
0.141957
0.112136
0.426618
0.29777
0.502008
0.304338
0.985053
0.0782776
0.189987
0.298242
0.222622
0.154591
0.909063
0.977996
0.934126
0.685442
0.312853
0.391701
0.817806
0.672987
0.889706
0.826257
0.73774
0.456986
0.509296
0.260605
0.430366
0.472314
0.404095
0.244462
0.598554
0.546052
0.356598
0.0251717
0.843822
0.858606
0.329509
0.828875
0.936883
0.519497
0.127117
0.159506
0.674088
0.0361799
0.137501
0.608213
0.721622
0.450354
0.999914
0.539429
0.123341
0.88962
0.365685
0.861081
0.346606
0.874981
0.121686
0.776972
0.347296
0.525781
0.0214334
0.94585
0.0718328
0.378031
0.971021
0.915655
0.236637
0.300531
0.74453
0.17352
0.820027
0.871647
0.333026
0.494115
0.907827
0.470527
0.102329
0.629449
0.920882
0.102243
0.168878
0.0442223
0.991863
0.534563
0.905303
0.338469
0.409544
0.0269892
0.115441
0.75684
0.55277
0.136875
0.702689
0.624603
0.514906
0.673711
0.540258
0.751543
0.974241
0.284788
0.925064
0.794269
0.156434
0.25809
0.288384
0.0642611
0.728617
0.390712
0.69371
0.649499
0.492955
0.862588
0.693721
0.484819
0.397151
0.599024
0.823288
0.806695
0.626014
0.938729
0.563535
0.178784
0.0756039
0.266224
0.803387
0.59051
0.939935
0.343645
0.342053
0.914176
0.628432
0.267117
0.708445
0.784867
0.525206
0.996828
0.849128
0.253824
0.387541
0.542838
0.903322
0.880496
0.405426
0.597043
0.365315
0.802576
0.196068
0.188603
0.609271
0.822081
0.127332
0.172806
0.000865117
0.202936
0.43903
0.804252
0.793446
0.378964
0.147897
0.135499
0.29314
0.776329
0.402616
0.00158504
0.561196
0.927822
0.998414
0.410324
0.181646
0.385954
0.953162
0.0849684
0.266451
0.358587
0.682012
0.631766
0.161163
0.878079
0.820368
0.770434
0.700161
0.947701
0.94324
0.701026
0.150637
0.38227
0.505278
0.944083
0.761234
0.653174
0.0795822
0.0543744
0.429503
0.482198
0.0559595
0.990699
0.410021
0.054373
0.401023
0.591667
0.440327
0.354184
0.676635
0.706778
0.712771
0.358647
0.338544
0.873935
0.236726
0.158912
0.644369
0.936887
0.106613
0.587609
0.637913
0.25725
0.969879
0.143191
0.201333
0.731113
0.796365
0.280915
0.785487
0.225868
0.763113
0.841447
0.216567
0.173134
0.89582
0.61759
0.764801
0.336147
0.971774
0.441436
0.0429252
0.684545
0.800083
0.381469
0.55848
0.0368092
0.540381
0.202849
0.973696
0.646994
0.790458
0.611609
0.904243
0.760337
0.754799
0.105576
0.49145
0.551164
0.386491
0.276937
0.777032
0.149604
0.118384
0.993599
0.322738
0.0142034
0.611189
0.0875391
0.35035
0.582963
0.528975
0.393276
0.267508
0.329058
0.774744
0.825988
0.365867
0.315125
0.0288373
0.339563
0.962119
0.819296
0.951172
0.866362
0.579633
0.705972
0.971939
0.0710827
0.257136
0.35843
0.34802
0.0341681
0.508034
0.466404
0.0277673
0.830773
0.480607
0.638956
0.918312
0.830957
0.221919
0.447287
0.224233
0.489426
0.776345
0.998977
0.315414
0.142212
0.314103
0.344252
0.481775
0.276222
0.163547
0.432948
0.142584
0.74318
0.138919
0.114523
0.814263
0.396055
0.472953
0.162282
0.430223
0.980987
0.628686
0.457991
0.81176
0.109293
0.0969466
0.730072
0.94025
0.318865
0.177359
0.164483
0.808291
0.953704
0.16346
0.123706
0.0959158
0.477563
0.467957
0.577691
0.753785
0.631505
0.0106389
0.896369
0.374685
0.149558
0.0108912
0.188947
0.545613
0.483844
0.35123
0.975837
0.464831
0.979916
0.433827
0.27659
0.0892088
0.530774
0.00666204
0.029459
0.849639
0.184021
0.193942
0.65793
0.137724
0.357403
0.781636
0.23364
0.834966
0.249593
0.811331
0.58875
0.881098
0.82197
0.485119
0.255783
0.971528
0.49601
0.44473
0.517142
0.979854
0.79596
0.492978
0.444684
0.775876
0.926806
0.721275
0.865085
0.45758
0.727937
0.894544
0.307218
0.911957
0.0884857
0.965149
0.0496816
0.445888
0.746785
0.283322
0.280854
0.996378
0.094653
0.869604
0.877476
0.916623
0.354722
0.133259
0.888152
0.850732
0.577989
0.405293
0.830586
0.373949
0.898272
0.27527
0.149825
0.825078
0.996544
0.0149093
0.282657
0.724481
0.909453
0.589876
0.636438
0.997939
0.555024
0.68612
0.443827
0.301809
0.969442
0.724681
0.298187
0.0640948
0.594284
0.175663
0.980718
0.949007
0.308922
0.86887
0.799739
0.886911
0.274163
0.630325
0.26086
0.172435
0.905594
0.410684
0.997513
0.902139
0.425594
0.28017
0.62662
0.335047
0.870045
0.263058
0.332985
0.42507
0.949179
0.776812
0.726879
0.91862
0.501493
0.0250659
0.982715
0.0957774
0.200729
0.963433
0.0447842
0.509651
0.832303
0.844523
0.396562
0.106466
0.474848
0.657422
0.278901
0.380442
0.0681066
0.276414
0.282581
0.4937
0.556583
0.909201
0.828747
0.426629
0.172259
0.161733
0.851699
0.121438
0.938545
0.578577
0.0400584
0.440038
0.603643
0.0227736
0.535815
0.804372
0.986207
0.580599
0.314024
0.81851
0.425122
0.710586
0.924976
0.89997
0.368008
0.203877
0.280412
0.436115
0.48029
0.562993
0.929815
0.0368736
0.472194
0.758562
0.463502
0.644454
0.920295
0.315201
0.765892
0.85884
0.893778
0.80595
0.298877
0.497421
0.828724
0.834693
0.301794
0.814931
0.415292
0.615817
0.63344
0.840414
0.326403
0.558416
0.740385
0.694411
0.762293
0.020797
0.130526
0.242583
0.58379
0.0603408
0.279456
0.0559849
0.818903
0.742959
0.700439
0.739198
0.0581598
0.466331
0.598038
0.951938
0.272281
0.896915
0.449359
0.101005
0.731608
0.751153
0.915936
0.1469
0.36697
0.549377
0.987314
0.693373
0.107793
0.727699
0.387785
0.870085
0.748496
0.51831
0.112668
0.332286
0.578651
0.392125
0.388271
0.397554
0.135083
0.0887098
0.136752
0.193243
0.555041
0.73479
0.145181
0.827322
0.631705
0.594541
0.928327
0.363313
0.345693
0.844263
0.510212
0.712664
0.39364
0.497526
0.406037
0.501433
0.225225
0.793822
0.371518
0.97372
0.312132
0.484186
0.306007
0.890783
0.87631
0.694277
0.288338
0.0113939
0.782987
0.42509
0.204637
0.338028
0.159879
0.349818
0.16535
0.791584
0.944359
0.0936774
0.154897
0.290052
0.937941
0.665109
0.00271596
0.331581
0.162635
0.408753
0.833013
0.38786
0.202575
0.204531
0.361581
0.514707
0.688717
0.667587
0.40549
0.565027
0.361865
0.693828
0.576421
0.144852
0.118917
0.781058
0.48288
0.278797
0.130877
0.64823
0.0703812
0.0752353
0.741907
0.225278
0.365288
0.679848
0.890387
0.368003
0.0114288
0.0530226
0.776757
0.844442
0.440883
0.979331
0.0489729
0.802463
0.494038
0.73769
0.470051
0.899529
0.302717
0.831915
0.593356
0.879138
0.976767
0.712273
0.660197
0.459647
0.99107
0.791073
0.107877
0.0614515
0.866309
0.849785
0.28673
0.231596
0.529633
0.177117
0.5996
0.541062
0.230139
0.376356
0.385504
0.671022
0.355688
0.434476
0.473486
0.849726
0.172166
0.943536
0.749254
0.474883
0.775451
0.342611
0.354022
0.752218
0.054884
0.0142184
0.211865
0.0459544
0.805292
0.319743
0.107406
0.6716
0.169527
0.394135
0.903196
0.69916
0.571252
0.502796
0.240222
0.801392
0.879152
0.625725
0.472414
0.23484
0.0602017
0.945899
0.0845654
0.232368
0.889435
0.83382
0.707251
0.664887
0.17643
0.0612731
0.417105
0.231314
0.0754915
0.628971
0.277269
0.880783
0.948713
0.384675
0.552383
0.11824
0.77881
0.455579
0.8174
0.350062
0.958375
0.0576221
0.151454
0.837527
0.683347
0.623868
0.0723667
0.743549
0.569767
0.156932
0.975917
0.459203
0.990752
0.683168
0.124089
0.167182
0.744441
0.541195
0.398497
0.819933
0.170165
0.675765
0.700716
0.118878
0.06044
0.253099
0.237119
0.83925
0.708679
0.0545191
0.189313
0.667054
0.112141
0.340767
0.504581
0.795488
0.964635
0.576948
0.539037
0.534402
0.73388
0.514954
0.993605
0.724632
0.198123
0.117694
0.891814
0.942564
0.658889
0.290311
0.762497
0.829054
0.966076
0.463213
0.947932
0.0265158
0.716312
0.185051
0.865766
0.424991
0.23957
0.0550784
0.0920445
0.351711
0.395845
0.596626
0.147199
0.36048
0.173573
0.686237
0.894882
0.907453
0.201191
0.888486
0.632085
0.399314
0.00618061
0.523899
0.341878
0.665069
0.814209
0.104374
0.494123
0.780285
0.567587
0.442055
0.806801
0.283899
0.627106
0.672567
0.70889
0.866676
0.727645
0.800934
0.218387
0.12349
0.39756
0.365586
0.48397
0.571133
0.0518227
0.378852
0.478586
0.253014
0.267338
0.110671
0.652328
0.273519
0.63457
0.994205
0.938588
0.448779
0.0985797
0.432711
0.229064
0.666167
0.874766
0.0358653
0.950066
0.501872
0.708432
0.658956
0.368548
0.436077
0.45989
0.586935
0.559567
0.85745
0.952521
0.0435373
0.428583
0.00434318
0.422389
0.90717
0.257357
0.689727
0.0178409
0.909684
0.963245
0.652411
0.90389
0.901833
0.10119
0.00246934
0.334544
0.330255
0.668636
0.209311
0.36612
0.618702
0.711183
0.0745522
0.277658
0.0797312
0.510629
0.737548
0.666666
0.0701969
0.594998
0.619186
0.113734
0.0235809
0.623529
0.536123
0.93075
0.880886
0.22585
0.948591
0.790571
0.189095
0.601002
0.694461
0.0909285
0.702193
0.69693
0.425473
0.0324475
0.365566
0.634784
0.398568
0.984268
0.345967
0.47312
0.261926
0.425698
0.983749
0.999474
0.0923639
0.0539462
0.594472
0.71155
0.16768
0.618053
0.33508
0.703803
0.548803
0.215966
0.929653
0.497394
0.00653708
0.118749
0.0983966
0.700998
0.209677
0.800589
0.397928
0.63515
0.833037
0.763494
0.269934
0.231604
0.747762
0.615901
0.704724
0.00968821
0.0415988
0.688474
0.00916221
0.133963
0.74242
0.603634
0.845513
0.9101
0.221686
0.180593
0.613904
0.770489
0.396559
0.543557
0.267884
0.403096
0.662306
0.36628
0.104093
0.871983
0.16687
0.502021
0.507133
0.999907
0.265515
0.777067
0.231511
0.0132769
0.392968
0.936235
0.0229651
0.434566
0.624709
0.0321273
0.568529
0.367129
0.635761
0.414042
0.277229
0.857448
0.594634
0.891132
0.627937
0.991193
0.434689
0.895821
0.394289
0.0969949
0.262101
0.498382
0.968978
0.428971
0.000403556
0.476111
0.428878
0.265918
0.253177
0.660389
0.279195
0.646145
0.596624
0.30216
0.0807112
0.221333
0.334288
0.64924
0.588461
0.970049
0.0632821
0.86569
0.827497
0.657917
0.756822
0.455434
0.64911
0.191511
0.351255
0.0433988
0.288506
0.613356
0.541781
0.257484
0.0423275
0.542185
0.733594
0.471205
0.808103
0.986772
0.131594
0.0872985
0.632917
0.728218
0.389459
0.713628
0.949551
0.723747
0.362868
0.538012
0.693796
0.42615
0.403702
0.521292
0.084067
0.160524
0.976726
0.733177
0.352036
0.327981
0.776576
0.640542
0.941337
0.318357
0.898026
0.983665
0.860542
0.63162
0.45487
0.668645
0.618392
0.586464
0.755943
0.251309
0.314682
0.145402
0.964937
0.264233
0.869149
0.327805
0.802245
0.562944
0.753955
0.205947
0.0842366
0.838022
0.366471
0.0609627
0.571199
0.718506
0.388944
0.347775
0.359048
0.330281
0.666131
0.257074
0.313946
0.526673
0.888694
0.768816
0.195318
0.507086
0.355279
0.951261
0.758395
0.669961
0.0966629
0.723332
0.934194
0.965812
0.0511366
0.736438
0.528756
0.805092
0.942385
0.612993
0.643114
0.308856
0.673955
0.214313
0.027362
0.062899
0.562088
0.38641
0.39318
0.228219
0.643484
0.707126
0.754892
0.532178
0.475941
0.95021
0.0392638
0.831221
0.901471
0.797659
0.501182
0.998133
0.52099
0.435376
0.963945
0.572127
0.171814
0.492701
0.377219
0.114199
0.105694
0.0203332
0.423055
0.779649
0.234647
0.450417
0.842548
0.796735
0.836827
0.235728
0.0249539
0.480311
0.942853
0.779846
0.0124884
0.418795
0.730056
0.0517522
0.250015
0.631526
0.849411
0.751197
0.62966
0.370401
0.186573
0.593605
0.942528
0.358387
0.0863061
0.319747
0.472585
0.192
0.34008
0.89564
0.971649
0.574727
0.346057
0.814197
0.371461
0.182883
0.0499246
0.396415
0.663194
0.992778
0.176261
0.675682
0.411573
0.906317
0.727435
0.661588
0.537843
0.576845
0.412785
0.167503
0.947246
0.599357
0.761108
0.889775
0.957744
0.847414
0.209521
0.430329
0.0394139
0.549601
0.325969
0.0110626
0.124328
0.672026
0.825259
0.495789
0.854909
0.875184
0.892204
0.518103
0.867962
0.0684648
0.193785
0.279535
0.974782
0.92122
0.941122
0.512625
0.498065
0.353907
0.680128
0.445312
0.953265
0.441236
0.335086
0.911009
0.28865
0.544608
0.341338
0.328064
0.0942088
0.667308
0.339126
0.218537
0.339334
0.164386
0.714325
0.194243
0.0395696
0.606529
0.712346
0.907532
0.674994
0.906132
0.187066
0.649776
0.827352
0.128189
0.1624
0.325417
0.482096
0.842528
0.770729
0.435361
0.283764
0.105815
0.346369
0.572414
0.650423
0.687708
0.900477
0.744632
0.355015
0.239604
0.963168
0.694349
0.403989
0.677494
0.888592
0.443559
0.284023
0.600938
0.35109
0.959017
0.50707
0.538157
0.608792
0.334421
0.666345
0.771193
0.659838
0.148441
0.613721
0.430567
0.583802
0.897484
0.536382
0.930171
0.469898
0.186805
0.617879
0.370375
0.931436
0.972894
0.609979
0.894604
0.667243
0.0139679
0.572098
0.555835
0.457527
0.856121
0.156773
0.808617
0.815138
0.663843
0.346774
0.42393
0.998264
0.0131191
0.195123
0.658102
0.16156
0.808843
0.0886691
0.745362
0.706327
0.625051
0.675533
0.176225
0.811856
0.293412
0.5466
0.743292
0.266306
0.156578
0.637896
0.933549
0.170546
0.209994
0.489384
0.628073
0.0661153
0.646157
0.436691
0.881253
0.31
0.783464
0.305183
0.308264
0.796584
0.500305
0.966366
0.958144
0.309149
0.0550352
0.703506
0.0154759
0.680086
0.379039
0.191701
0.491942
0.672451
0.738301
0.235234
0.938757
0.894879
0.873131
0.872306
0.0654256
0.0831251
0.36169
0.693499
0.14924
0.00784757
0.130189
0.0304933
0.317848
0.913654
0.335676
0.626112
0.710237
0.835982
0.592478
0.668381
0.14513
0.647513
0.371887
0.160606
0.327599
0.750926
0.352307
0.819541
0.423377
0.0906076
0.0547754
0.362133
0.985487
0.927906
0.23444
0.0509125
0.0110312
0.59613
0.744411
0.160272
0.603977
0.874601
0.190765
0.921825
0.788254
0.526441
0.547936
0.498492
0.362423
0.140414
0.166873
0.507553
0.787927
0.53876
0.668159
0.115526
0.289686
0.0204657
0.935067
0.713062
0.111073
0.989843
0.0751956
0.0965602
0.917749
0.309635
0.147473
0.92878
0.905765
0.891884
0.0890516
0.509742
0.766485
0.279816
0.431567
0.554739
0.806257
0.979504
0.0532307
0.16868
0.119918
0.220104
0.676233
0.907845
0.758864
0.344392
0.0233709
0.0485494
0.364857
0.958438
0.761612
0.475931
0.948281
0.836807
0.572491
0.86603
0.146442
0.719964
0.79481
0.0522072
0.611848
0.883862
0.561949
0.378332
0.163678
0.993517
0.933071
0.969935
0.97302
0.986302
0.138615
0.0929382
0.206406
0.814848
0.000782978
0.965269
0.15924
0.0241539
0.0138187
0.524097
0.982592
0.77543
2.76314e-05
0.930873
0.612238
0.572519
0.796903
0.75868
0.292482
0.591713
0.810887
0.90433
0.475575
0.372836
0.282662
0.639253
0.366353
0.215733
0.609188
0.339374
0.202035
0.747804
0.432312
0.40844
0.562652
0.433095
0.373709
0.721892
0.457249
0.387528
0.245989
0.439841
0.162958
0.246016
0.370714
0.775196
0.818535
0.167617
0.533876
0.111017
0.759331
0.344763
0.0153466
0.234906
0.717599
0.298008
0.874159
0.0839525
0.513741
0.483347
0.423326
0.715776
0.231151
0.855638
0.124216
0.793803
0.288732
0.497925
0.515695
0.745981
0.885453
0.761683
0.185822
0.0484117
0.00769947
0.556536
0.823608
0.826234
0.724153
0.357484
0.937251
0.483483
0.702247
0.952598
0.718389
0.419846
0.250606
0.592548
0.503798
0.764347
0.0758948
0.927124
0.480123
0.307046
0.782762
0.604339
0.100849
0.0714946
0.102264
0.616543
0.817476
0.987717
0.378227
0.0032973
0.0361289
0.385926
0.559833
0.859737
0.21216
0.283986
0.21722
0.149411
0.767469
0.919467
0.102009
0.485858
0.339313
0.352615
0.078406
0.843111
0.116963
0.154301
0.770236
0.597086
0.461347
0.552998
0.201424
0.562195
0.624492
0.303688
0.178738
0.441968
0.291405
0.556965
0.445265
0.327534
0.942891
0.00509816
0.187271
0.155051
0.289084
0.404491
0.304463
0.0565534
0.323958
0.406472
0.542412
0.663271
0.759087
0.620818
0.506382
0.87605
0.775119
0.276618
0.473135
0.236465
0.829615
0.67456
0.79866
0.454108
0.978248
0.977399
0.896075
0.269653
0.534364
0.341341
0.597188
0.477255
0.346439
0.784459
0.632306
0.635523
0.18895
0.936769
0.692076
0.512908
0.34324
0.234488
0.176179
0.102328
0.855306
0.682561
0.978377
0.630425
0.959178
0.451513
0.86689
0.788794
0.126072
0.66555
0.242901
0.10432
0.642949
0.138977
0.373973
0.177313
0.480317
0.971161
0.654568
0.826756
0.75562
0.286874
0.462279
0.944569
0.223642
0.154355
0.457478
0.566883
0.388843
0.633656
0.66921
0.244149
0.316217
0.647588
0.874574
0.275396
0.0991001
0.741464
0.0641894
0.225172
0.407014
0.307091
0.329492
0.0499627
0.446067
0.703466
0.227276
0.926385
0.674627
0.881843
0.753141
0.430247
0.168717
0.215419
0.374816
0.392359
0.369775
0.832294
0.959242
0.758618
0.46595
0.628452
0.00276711
0.782167
0.27604
0.877341
0.0575629
0.37514
0.618805
0.121752
0.600312
0.0258183
0.428843
0.929804
0.075781
0.87491
0.63327
0.303057
0.801295
0.307897
0.1849
0.554435
0.738144
0.353616
0.769855
0.11296
0.745975
0.139629
0.945253
0.705217
0.898247
0.411203
0.333669
0.901014
0.19337
0.609709
0.778355
0.250933
0.984848
0.39716
0.372686
0.58516
0.422978
0.801528
0.514965
0.498759
0.676439
0.148235
0.801816
0.477733
0.456132
0.986715
0.0321684
0.194276
0.340332
0.802023
0.307235
0.0863072
0.941652
0.252489
0.791525
0.839899
0.663692
0.125194
0.740914
0.857062
0.734903
0.519269
0.107995
0.719751
0.916429
0.480681
0.304911
0.339407
0.282209
0.819876
0.838166
0.958648
0.968111
0.639981
0.436381
0.424243
0.626697
0.468549
0.618519
0.967028
0.270572
0.925754
0.0533358
0.212225
0.178242
0.84486
0.0521242
0.841934
0.970054
0.793038
0.698996
0.704957
0.312307
0.806991
0.424707
0.228736
0.287672
0.729619
0.568142
0.569881
0.549494
0.406308
0.528528
0.517605
0.0462897
0.964909
0.941848
0.672987
0.433458
0.560367
0.640015
0.70403
0.48612
0.693351
0.916255
0.664363
0.538211
0.968379
0.506297
0.508265
0.761417
0.205293
0.213222
0.0737243
0.0122837
0.637929
0.30246
0.299955
0.367548
0.870602
0.869836
0.917042
0.276911
0.398364
0.434647
0.3232
0.363273
0.376495
0.996187
0.796731
0.936861
0.636202
0.500761
0.422982
0.329553
0.417017
0.0873447
0.867764
0.385396
0.593642
0.376029
0.146813
0.798934
0.58925
0.220538
0.811218
0.227179
0.522997
0.111173
0.594727
0.3936
0.981009
0.511769
0.67051
0.379373
0.946416
0.993711
0.742646
0.322911
0.989897
0.539377
0.259772
0.626099
0.0401384
0.682754
0.955652
0.457155
0.770099
0.823415
0.842551
0.36374
0.199444
0.989364
0.162675
0.788694
0.209902
0.973893
0.0158735
0.7329
0.0850661
0.6106
0.126499
0.0660753
0.122369
0.79701
0.445448
0.0687853
0.79072
0.188094
0.391696
0.780617
0.727471
0.651469
0.406716
0.76761
0.334223
0.362368
0.224765
0.104322
0.185783
0.0673158
0.468062
0.385227
0.0566802
0.630737
0.173921
0.266582
0.60463
0.189795
0.999482
0.689696
0.800395
0.125981
0.755771
0.922764
0.922991
0.201219
0.99155
0.713711
0.389314
0.383246
0.494328
0.116785
0.0347143
0.901044
0.884395
0.368937
0.263412
0.10916
0.473259
0.449195
0.176475
0.941321
0.834422
0.233156
0.572057
0.00834339
0.499738
0.176687
0.198138
0.49922
0.866383
0.998533
0.625201
0.622154
0.921297
0.548191
0.823373
0.912847
0.261902
0.212687
0.296093
0.75623
0.329472
0.330807
0.657275
0.213867
0.699744
0.920687
0.323026
0.173003
0.369882
0.499502
0.114324
0.204305
0.732657
0.686381
0.212648
0.232395
0.863068
0.410786
0.731614
0.729451
0.409319
0.356815
0.351604
0.330617
0.905006
0.174978
0.243464
0.166908
0.387664
0.539557
0.923138
0.717136
0.870364
0.580413
0.931003
0.570108
0.5011
0.254029
0.743111
0.870982
0.753531
0.857435
0.0752873
0.486188
0.543816
0.287935
0.718583
0.406884
0.698722
0.450197
0.136335
0.108041
0.807012
0.487939
0.438658
0.712018
0.662917
0.682122
0.878926
0.050581
0.221678
0.802064
0.767717
0.0920425
0.382477
0.69872
0.662151
0.883577
0.952749
0.405262
0.75456
0.70628
0.262697
0.829847
0.192468
0.806513
0.117783
0.911051
0.213397
0.816504
0.361248
0.349731
0.924545
0.168259
0.83767
0.363203
0.880277
0.500587
0.0453245
0.759204
0.551168
0.267003
0.561268
0.318885
0.359045
0.943745
0.0176054
0.0211962
0.827323
0.970355
0.426458
0.581883
0.676635
0.689156
0.41173
0.869103
0.495668
0.529513
0.780154
0.709065
0.346017
0.141401
0.0587964
0.270562
0.309661
0.896467
0.633765
0.189938
0.397053
0.67909
0.949142
0.948221
0.946093
0.51041
0.267106
0.305138
0.454155
0.284712
0.326334
0.281478
0.255067
0.752793
0.863361
0.931702
0.441948
0.275091
0.800805
0.937617
0.804604
0.580959
0.646682
0.150621
0.72236
0.705478
0.421183
0.0320213
0.601945
0.0549488
0.22196
0.998998
0.734039
0.171101
0.94722
0.680131
0.681511
0.214326
0.985269
0.135667
0.499038
0.311603
0.417145
0.754105
0.0643959
0.280506
0.685807
0.506344
0.555598
0.486612
0.443961
0.360202
0.067571
0.0906426
0.510823
0.789931
0.796121
0.932006
0.821953
0.398066
0.986955
0.0439124
0.397064
0.720993
0.215014
0.344284
0.401125
0.896525
0.55861
0.386394
0.0321917
0.0576477
0.697997
0.449337
0.811752
0.762393
0.729843
0.497559
0.268737
0.285441
0.984171
0.712698
0.645642
0.0517421
0.80334
0.156465
0.841674
0.599461
0.0884709
0.663626
0.997527
0.0754258
0.707539
0.394591
0.796419
0.922552
0.738875
0.197544
0.819077
0.297485
0.583938
0.851269
0.355132
0.281935
0.300606
0.166885
0.0443276
0.0304491
0.664444
0.313065
0.31589
0.648615
0.0257625
0.961532
0.700357
0.829103
0.117997
0.542031
0.428564
0.206468
0.205657
0.426091
0.281894
0.913196
0.820682
0.0783128
0.835748
0.559557
0.275857
0.654826
0.857042
0.859794
0.506095
0.212174
0.141729
0.806701
0.379059
0.186057
0.83715
0.0435023
0.499121
0.15304
0.692117
0.524884
0.114572
0.392474
0.353987
0.232569
0.934505
0.782551
0.439037
0.140162
0.208642
0.72093
0.0533572
0.0293246
0.799243
0.889105
0.588882
0.0750997
0.543931
0.445924
0.934894
0.050026
0.658097
0.0766232
0.856727
0.037156
0.26268
0.693877
0.0806584
0.761801
0.846917
0.772776
0.286685
0.961489
0.16525
0.640672
0.194057
0.0997543
0.423223
0.633094
0.239916
0.631865
0.354024
0.293273
0.66119
0.153267
0.182378
0.250072
0.228367
0.72631
0.695995
0.163261
0.776336
0.354093
0.239884
0.633062
0.391249
0.502564
0.326939
0.471907
0.264365
0.173856
0.244683
0.551051
0.135345
0.409932
0.191723
0.329402
0.509686
0.614946
0.962496
0.749602
0.246811
0.31652
0.0428753
0.908001
0.469787
0.225254
0.158073
0.698153
0.951563
0.854068
0.861414
0.727899
0.208161
0.101298
0.360961
0.599409
0.603862
0.687901
0.0713163
0.868227
0.861757
0.315999
0.419278
0.997102
0.725931
0.611001
0.326504
0.235618
0.225947
0.288999
0.98522
0.472758
0.605519
0.0280951
0.380759
0.0753059
0.253349
0.538832
0.773459
0.204912
0.3929
0.634874
0.932811
0.60106
0.736172
0.293772
0.20047
0.340034
0.981673
0.271786
0.208261
0.84343
0.587785
0.627539
0.840532
0.313716
0.23854
0.167035
0.549333
0.464487
0.456035
0.534553
0.937245
0.0615537
0.562648
0.318004
0.13686
0.815997
0.856836
0.910319
0.0209094
0.249735
0.545193
0.953721
0.850796
0.281364
0.247493
0.0512651
0.621398
0.229166
0.323051
0.82966
0.0725963
0.910836
0.457199
0.913128
0.224552
0.695739
0.080163
0.773885
0.160226
0.536197
0.308438
0.0974711
0.597751
0.871086
0.415475
0.734611
0.687084
0.27231
0.64493
0.707993
0.522046
0.190122
0.661714
0.372841
0.471487
0.909207
0.424106
0.0928848
0.138373
0.747157
0.922544
0.210969
0.657993
0.379743
0.124097
0.882545
0.0754826
0.20426
0.65643
0.235709
0.740457
0.964868
0.33318
0.338209
0.835954
0.748655
0.0728194
0.523038
0.0209654
0.717749
0.231031
0.543011
0.907872
0.892745
0.915852
0.379358
0.801951
0.339959
0.472243
0.940324
0.0871159
0.394787
0.151293
0.745109
0.774531
0.27539
0.627654
0.850013
0.47965
0.284084
0.0857222
0.220107
0.248952
0.418902
0.558316
0.0849062
0.167557
0.631135
0.607944
0.188523
0.348884
0.838975
0.731534
0.256756
0.73172
0.647386
0.636114
0.533671
0.987345
0.108357
0.473995
0.0744604
0.503145
0.625288
0.819569
0.277676
0.900678
0.447223
0.127689
0.380328
0.731307
0.213411
0.600435
0.980259
0.632313
0.158751
0.0651648
0.799871
0.789886
0.673109
0.988393
0.138771
0.512084
0.719927
0.395527
0.243805
0.367313
0.0316411
0.777476
0.354657
0.139999
0.251471
0.429118
0.643143
0.87676
0.248687
0.920819
0.777438
0.69591
0.0485082
0.157767
0.427217
0.261919
0.758202
0.407476
0.894233
0.916953
0.47264
0.694103
0.70684
0.14575
0.682497
0.84561
0.657834
0.402424
0.241137
0.901639
0.769736
0.272778
0.679115
0.124393
0.412777
0.930586
0.553511
0.0559203
0.807346
0.802198
0.976739
0.584784
0.498108
0.0252476
0.742551
0.925325
0.287167
0.500753
0.332801
0.1814
0.417706
0.805442
0.875503
0.124546
0.951191
0.558
0.970156
0.609025
0.960423
0.211293
0.510664
0.73016
0.484072
0.189778
0.854553
0.896849
0.120364
0.408064
0.952769
0.92771
0.210262
0.929508
0.512494
0.708371
0.954756
0.255045
0.633696
0.241923
0.755798
0.966497
0.423323
0.173504
0.771939
0.298826
0.29805
0.72313
0.856826
0.268206
0.332155
0.81725
0.479499
0.842819
0.547409
0.963571
0.0325974
0.401962
0.86042
0.152962
0.810027
0.813188
0.0806718
0.0202889
0.742697
0.593166
0.728659
0.697453
0.848211
0.362355
0.939376
0.604009
0.328853
0.362699
0.777512
0.100791
0.661525
0.0755618
0.823921
0.518351
0.343767
0.156077
0.335601
0.823267
0.998896
0.88301
0.786838
0.031493
0.284972
0.647257
0.184455
0.094999
0.460445
0.265126
0.115288
0.203142
0.858292
0.843947
0.900595
0.706503
0.206303
0.839971
0.310512
0.535155
0.202669
0.0880242
0.635947
0.864194
0.163586
0.459868
0.382545
0.507353
0.615945
0.718146
0.33062
0.61484
0.601156
0.117458
0.646333
0.886128
0.764715
0.830788
0.981127
0.22516
0.0959144
0.0964149
0.428302
0.954207
0.940362
0.328897
0.66071
0.146665
0.168868
0.971222
0.68182
0.371537
0.0592462
0.317767
0.235731
0.222832
0.777635
0.618277
0.730186
0.393579
0.336422
0.0608057
0.00841952
0.937578
0.178263
0.654753
0.823706
0.942978
0.485541
0.804833
0.168138
0.581455
0.901248
0.59644
0.535662
0.84161
0.925337
0.196372
0.988275
0.0942048
0.167594
0.670095
0.465742
0.226841
0.987862
0.701473
0.449673
0.765497
0.31975
0.179858
0.159076
0.656173
0.240664
0.167495
0.593751
0.418927
0.822248
0.417457
0.361905
0.307789
0.22229
0.530043
0.889244
0.123538
0.126482
0.424906
0.965148
0.0518194
0.621278
0.953423
0.146024
0.788873
0.623519
0.611766
0.0157131
0.61138
0.31324
0.465386
0.376877
0.63299
0.645244
0.535953
0.289162
0.885908
0.703448
0.882913
0.304835
0.525696
0.30037
0.66674
0.833485
0.52266
0.196783
0.722729
0.646198
0.323265
0.147635
0.611346
0.375085
0.768913
0.56477
0.521109
0.557786
0.188288
0.132875
0.573499
0.799669
0.446115
0.0388849
0.176546
0.0791044
0.684129
0.712499
0.368267
0.570037
0.415947
0.25118
0.874873
0.941643
0.551549
0.541613
0.775128
0.0742092
0.738396
0.497857
0.720407
0.0616613
0.645493
0.331753
0.436746
0.414406
0.896523
0.957855
0.972192
0.0848111
0.0907301
0.545691
0.88448
0.536845
0.584576
0.0610255
0.615949
0.268705
0.773524
0.984216
0.838742
0.189471
0.235395
0.713615
0.131114
0.786945
0.255228
0.906242
0.861154
0.993624
0.404099
0.581561
0.0552851
0.0495917
0.913314
0.492031
0.463998
0.809837
0.449886
0.43619
0.894648
0.540616
0.981881
0.779128
0.0774611
0.566457
0.840154
0.69341
0.835162
0.613678
0.677626
0.673904
0.803148
0.913022
0.387519
0.934262
0.699966
0.642747
0.840504
0.561121
0.636371
0.244603
0.142682
0.691656
0.294195
0.055996
0.183687
0.758193
0.865833
0.633573
0.194382
0.760482
0.17419
0.176263
0.53961
0.251651
0.74272
0.379763
0.945061
0.577882
0.993441
0.622687
0.251786
0.796589
0.535709
0.639306
0.730851
0.235675
0.282053
0.571355
0.796796
0.918424
0.815958
0.939478
0.61008
0.110153
0.995474
0.793767
0.868346
0.861307
0.427341
0.062728
0.621788
0.601531
0.238991
0.161398
0.853182
0.981711
0.541162
0.798243
0.559593
0.534603
0.42093
0.81138
0.331192
0.956639
0.450685
0.062043
0.192314
0.732738
0.633398
0.98911
0.651163
0.449356
0.928588
0.261243
0.55951
0.924061
0.0550103
0.427855
0.785368
0.482351
0.490583
0.407157
0.083882
0.729575
0.568555
0.937064
0.711286
0.109716
0.735306
0.270879
0.644319
0.156237
0.0822586
0.975511
0.112876
0.532944
0.0375536
0.30519
0.265683
0.670952
0.2943
0.916845
0.120308
0.222888
0.178088
0.679818
0.146949
0.233098
0.107673
0.932317
0.715449
0.598256
0.339474
0.799331
0.327831
0.908028
0.736395
0.0391165
0.0177448
0.471701
0.309995
0.662064
0.627938
0.392254
0.637574
0.740813
0.925198
0.675128
0.0460035
0.190881
0.346079
0.340304
0.107726
0.466388
0.563192
0.285814
0.146205
0.710141
0.518912
0.253878
0.642458
0.234361
0.852134
0.981932
0.0336923
0.179965
0.88996
0.770087
0.219082
0.907705
0.241789
0.529077
0.569768
0.869726
0.921331
0.207343
0.61054
0.846529
0.88247
0.656543
0.0374098
0.22855
0.996847
0.145135
0.694937
0.560039
0.430949
0.841142
0.270179
0.949861
0.0950203
0.912637
0.184222
0.947155
0.894569
0.217914
0.12712
0.784529
0.988001
0.346201
0.692234
0.22979
0.875278
0.262002
0.0995164
0.796609
0.469344
0.710056
0.643138
0.351815
0.3666
0.680548
0.580364
0.363447
0.825684
0.275301
0.923486
0.256633
0.116444
0.193665
0.206493
0.211464
0.106302
0.390715
0.158619
0.000870923
0.608629
0.285738
0.7854
0.59663
0.63194
0.477633
0.82642
0.507218
0.739635
0.925937
0.303827
0.20898
0.635993
0.946966
0.560795
0.00259288
0.627514
0.141159
0.36604
0.453197
0.41646
0.289525
0.70983
0.532904
0.48319
0.916323
0.744368
0.589493
0.307039
0.902987
0.590363
0.915668
0.188725
0.375763
0.512298
0.820665
0.853397
0.338718
0.327883
0.593032
0.264655
0.63171
0.802012
0.900648
0.578676
0.362806
0.903241
0.206189
0.503965
0.269281
0.659387
0.920425
0.558806
0.369217
0.453329
0.0419967
0.28554
0.197698
0.631489
0.592579
0.100684
0.221853
0.508247
0.28941
0.597616
0.0205447
0.110075
0.451012
0.359263
0.437957
0.0440443
0.623918
0.0696674
0.846056
0.524566
0.648343
0.208862
0.427807
0.854532
0.712827
0.697088
0.513919
0.633253
0.255894
0.883136
0.0865819
0.297891
0.168677
0.284279
0.92938
0.761256
0.384964
0.151233
0.269502
0.674374
0.748849
0.290047
0.784448
0.199861
0.64931
0.222406
0.243906
0.273228
0.292073
0.0899615
0.797795
0.940416
0.298824
0.225602
0.794948
0.0116507
0.92269
0.308868
0.644903
0.178585
0.192004
0.731485
0.476476
0.36068
0.0157645
0.405856
0.121936
0.400728
0.557089
0.391438
0.0751019
0.305938
0.681485
0.85955
0.5058
0.330796
0.0819556
0.749705
0.604024
0.374029
0.839667
0.401819
0.314445
0.13849
0.627421
0.109393
0.150141
0.550111
0.41826
0.795044
0.728696
0.610264
0.526529
0.205171
0.970945
0.542294
0.611028
0.0928807
0.943022
0.168117
0.484319
0.0181239
0.474055
0.165804
0.877674
0.979854
0.4966
0.95963
0.72956
0.100624
0.333658
0.569226
0.502443
0.648103
0.707716
0.129864
0.757496
0.857857
0.679975
0.175756
0.652901
0.40867
0.78602
0.179431
0.613842
0.756965
0.721724
0.224869
0.849846
0.664746
0.392986
0.334165
0.68287
0.867041
0.499969
0.560544
0.846895
0.996569
0.520174
0.576455
0.0971932
0.853832
0.145681
0.599636
0.501935
0.853398
0.7295
0.259431
0.711255
0.409474
0.435187
0.364156
0.818144
0.221207
0.543587
0.431986
0.978172
0.265311
0.656855
0.828018
0.930057
0.0498412
0.162183
0.612927
0.916882
0.662152
0.173471
0.763778
0.658721
0.693645
0.340233
0.755914
0.547477
0.485914
0.35555
0.0494121
0.339312
0.0850497
0.308843
0.0505665
0.494524
0.74403
0.414723
0.312668
0.965237
0.95831
0.744654
0.943409
0.223621
0.401509
0.771427
0.153678
0.45135
0.93361
0.766605
0.368232
0.595762
0.940077
0.13201
0.254483
0.633722
0.472243
0.010397
0.181199
0.958157
0.365947
0.230611
0.297468
0.450997
0.539454
0.348035
0.945521
0.283483
0.762757
0.258189
0.24872
0.721067
0.00284274
0.192129
0.944688
0.404352
0.963557
0.0983656
0.855702
0.897166
0.864971
0.223934
0.492928
0.805047
0.355944
0.747411
0.438769
0.828187
0.757808
0.619968
0.786343
0.123755
0.850579
0.0838115
0.574752
0.390033
0.431846
0.520273
0.673517
0.194604
0.778462
0.922237
0.915671
0.781305
0.114366
0.860358
0.185656
0.0779229
0.958724
0.0413584
0.975089
0.823695
0.265293
0.468018
0.628742
0.621237
0.215429
0.0675116
0.449424
0.973237
0.68748
0.235767
0.0969919
0.538059
0.319579
0.671744
0.928093
0.751425
0.192017
0.601609
0.946028
0.970479
0.523846
0.861699
0.751784
0.638212
0.722057
0.937441
0.716135
0.680781
0.978799
0.691225
0.504476
0.244092
0.159242
0.133218
0.865328
0.374671
0.20073
0.314752
0.347907
0.88821
0.550519
0.444899
0.426269
0.870098
0.116644
0.354362
0.621523
0.308661
0.955971
0.567551
0.27914
0.479817
0.42925
0.0309244
0.11803
0.151307
0.968365
0.834165
0.832089
0.947164
0.52539
0.336565
0.191255
0.684632
0.469783
0.0565839
0.0593026
0.670513
0.371336
0.40721
0.558723
0.921856
0.852109
0.984993
0.791954
0.968753
0.339354
0.413476
0.277414
0.295325
0.981028
0.556554
0.775142
0.410278
0.587479
0.893172
0.561585
0.555843
0.727337
0.393674
0.503007
0.252726
0.730239
0.694263
0.937358
0.200022
0.750847
0.996661
0.870535
0.122183
0.403871
0.429259
0.0440383
0.25598
0.414251
0.835992
0.224733
0.753605
0.249468
0.502147
0.0489309
0.230496
0.0587013
0.824073
0.640774
0.64618
0.717245
0.202359
0.202023
0.444582
0.596033
0.705031
0.697309
0.326271
0.399294
0.634667
0.526293
0.15014
0.631328
0.396828
0.272323
0.0351987
0.826087
0.316361
0.291179
0.240338
0.152353
0.515912
0.993943
0.401822
0.0180593
0.0428742
0.632318
0.0767606
0.866948
0.273091
0.722941
0.584193
0.47545
0.924964
0.028775
0.0714826
0.629995
0.726084
0.397754
0.0292882
0.36075
0.924047
0.179428
0.992078
0.320875
0.451752
0.0272769
0.146961
0.768113
0.318456
0.387299
0.920466
0.834368
0.381242
0.322288
0.852427
0.424117
0.954605
0.929188
0.291064
0.227697
0.652129
0.875257
0.703147
0.577093
0.904032
0.774629
0.207087
0.630116
0.172383
0.236375
0.990866
0.0964296
0.415804
0.982944
0.417304
0.867555
0.0102212
0.564266
0.635668
0.328677
0.951565
0.556134
0.163045
0.332807
0.878422
0.0154727
0.756924
0.833028
0.944661
0.0479882
0.0607246
0.596789
0.923245
0.763871
0.173882
0.827277
0.538501
0.380969
0.457393
0.710884
0.617345
0.448259
0.807313
0.0331485
0.431203
0.224618
0.900704
0.441425
0.788883
0.536372
0.770102
0.740448
0.0925066
0.933147
0.0732554
0.970929
0.94862
0.830179
0.803957
0.89328
0.878168
0.864681
0.49007
0.801413
0.628553
0.663952
0.62869
0.167053
0.044921
0.0860833
0.877937
0.662266
0.534342
0.68525
0.695414
0.965546
0.909868
0.596118
0.40697
0.698751
0.13249
0.177072
0.439199
0.224997
0.110219
0.512455
0.195926
0.0588386
0.342634
0.999882
0.952119
0.220802
0.864564
0.442189
0.0222145
0.493116
0.10614
0.650905
0.66017
0.151061
0.736988
0.538107
0.813327
0.271331
0.223357
0.508741
0.236876
0.133225
0.104859
0.643847
0.831976
0.237349
0.820919
0.271175
0.462346
0.931138
0.78363
0.658271
0.989977
0.126264
0.658153
0.942096
0.347066
0.522717
0.384284
0.36928
0.0158332
0.490425
0.0201849
0.676003
0.641486
0.757173
0.21411
0.454813
0.0285035
0.437467
0.963554
0.26538
0.570692
0.0684134
0.909227
0.402668
0.305762
0.730146
0.673844
0.768108
0.661284
0.457474
0.426379
0.65126
0.583738
0.0845322
0.593356
0.930803
0.607249
0.97764
0.300083
0.623082
0.468065
0.320268
0.299085
0.109551
0.0774411
0.513195
0.564365
0.105945
0.950661
0.527919
0.371324
0.521353
0.596333
0.280551
0.924021
0.902095
0.0106966
0.597865
0.670203
0.67198
0.0553387
0.0965816
0.323241
0.639076
0.181114
0.916597
0.56988
0.788363
0.894237
0.869963
0.411445
0.362302
0.190231
0.71053
0.471853
0.267672
0.223725
0.0362183
0.373617
0.174386
0.564138
0.744941
0.695739
0.16047
0.025492
0.619761
0.0625649
0.0361886
0.217626
0.732768
0.708169
0.272964
0.829349
0.0314095
0.912041
0.010463
0.948006
0.48192
0.798826
0.842243
0.351883
0.210271
0.204545
0.542114
0.920801
0.676398
0.809786
0.144526
0.712617
0.183403
0.318912
0.276754
0.928344
0.014651
0.437224
0.953836
0.634412
0.499789
0.990024
0.852037
0.232557
0.698193
0.125001
0.061906
0.729602
0.037042
0.0723689
0.677608
0.518962
0.871195
0.519851
0.870845
0.0814656
0.724396
0.412959
0.00226658
0.400795
0.222745
0.146792
0.113411
0.406148
0.465704
0.390165
0.334491
0.480355
0.82739
0.288327
0.114767
0.327179
0.278351
0.966804
0.559736
0.976544
0.0918053
0.621642
0.706146
0.128847
0.69401
0.383755
0.647809
0.565205
0.903606
0.518655
0.646671
0.628002
0.931614
0.648937
0.0287968
0.154359
0.79573
0.142208
0.560506
0.261434
0.532373
0.894998
0.741789
0.359763
0.183324
0.856555
0.686942
0.461675
0.823359
0.246677
0.438219
0.915164
0.868319
0.144365
0.0440116
0.56233
0.52812
0.691821
0.127535
0.431726
0.210476
0.774206
0.0597281
0.142089
0.423143
0.0885249
0.296448
0.218873
0.230733
0.856954
0.480307
0.763106
0.751952
0.222095
0.12287
0.935276
0.0786504
0.809811
0.396952
0.902009
0.0564889
0.835171
0.817174
0.924808
0.979536
0.861185
0.487138
0.507656
0.553006
0.614672
0.939382
0.763482
0.388878
0.99911
0.905571
0.812021
0.0876347
0.202019
0.030894
0.318368
0.0589739
0.5112
0.0814741
0.810926
0.733296
0.204344
0.746202
0.811946
0.0141551
0.143154
0.713955
0.0706441
0.978324
0.531129
0.995452
0.95786
0.392315
0.48259
0.465516
0.945321
0.097262
0.404897
0.708803
0.48614
0.404007
0.614375
0.298161
0.491642
0.816394
0.329055
0.81001
0.875368
0.840256
0.891484
0.686294
0.573551
0.0958274
0.432496
0.385497
0.109982
0.57565
0.0994527
0.180627
0.553974
0.630582
0.176079
0.511834
0.0228965
0.658668
0.97735
0.968218
0.75593
0.382247
0.677021
0.24207
0.786254
0.291395
0.540231
0.277896
0.107789
0.869287
0.0879059
0.983157
0.709542
0.97939
0.669451
0.283094
0.075217
0.101947
0.668591
0.185199
0.677597
0.768044
0.365826
0.231571
0.398625
0.541905
0.743405
0.421522
0.200573
0.720754
0.38974
0.956503
0.103001
0.0667602
0.198573
0.889256
0.358155
0.738805
0.167152
0.465945
0.608091
0.255058
0.449102
0.317634
0.234448
0.118553
0.600727
0.309665
0.220501
0.269318
0.494864
0.898097
0.0373615
0.86069
0.129668
0.435987
0.402595
0.873073
0.857509
0.603167
0.593827
0.247248
0.55967
0.696829
0.314009
0.758243
0.586085
0.672164
0.497048
0.753237
0.138109
0.105139
0.00829462
0.587211
0.422773
0.242742
0.705765
0.0235002
0.552407
0.926265
0.292818
0.0472709
0.824363
0.33018
0.907961
0.954031
0.766167
0.310555
0.827104
0.623676
0.913723
0.420931
0.870924
0.473393
0.11776
0.184933
0.231636
0.703844
0.857097
0.728685
0.457081
0.995206
0.833824
0.465376
0.582417
0.256597
0.708118
0.288182
0.280097
0.260525
0.214447
0.572915
0.307796
0.0388094
0.903095
0.215757
0.99284
0.669262
0.526312
0.819944
0.292937
0.440035
0.240875
0.163861
0.913428
0.358635
0.348794
0.145064
0.0624795
0.205891
0.873749
0.519561
0.201097
0.707573
0.984936
0.783514
0.96417
0.693054
0.0716954
0.244267
0.953579
0.286142
0.817183
0.261374
0.324952
0.720278
0.477131
0.317792
0.38954
0.00344292
0.137736
0.682477
0.443478
0.378611
0.846338
0.356906
0.737247
0.195132
0.50197
0.799726
0.401023
0.375719
0.319287
0.60212
0.0832918
0.304223
0.385634
0.0474619
0.997277
0.457329
0.291729
0.950856
0.743472
0.108912
0.21223
0.0684232
0.82919
0.689361
0.386215
0.21873
0.692804
0.523951
0.901207
0.136282
0.902563
0.747545
0.493187
0.639809
0.942677
0.995157
0.439536
0.343701
0.370876
0.758822
0.945821
0.454168
0.0630453
0.331455
0.50163
0.0603223
0.788784
0.793359
0.0111781
0.532256
0.902271
0.223408
0.600679
0.731461
0.912769
0.986894
0.950191
0.605574
0.510846
0.851398
0.741855
0.413408
0.598943
0.235043
0.0532179
0.54162
0.2302
0.492754
0.885321
0.601076
0.251576
0.831142
0.0552436
0.314621
0.162596
0.556873
0.374944
0.95138
0.350232
0.386122
0.483636
0.252503
0.60953
0.0843149
0.983965
0.5223
0.071209
0.934156
0.127873
0.582055
0.785553
0.869729
0.995463
0.384496
0.104771
0.0486809
0.926116
0.334971
0.541434
0.811437
0.936047
0.79301
0.642578
0.99129
0.107632
0.805174
0.548164
0.482575
0.756555
0.898396
0.868697
0.240191
0.150899
0.478227
0.324506
0.134864
0.000526655
0.395715
0.0690196
0.1284
0.977769
0.854573
0.998128
0.973232
0.239069
0.102899
0.0219131
0.165184
0.43787
0.563348
0.976621
0.373917
0.356358
0.619199
0.365208
0.46399
0.424373
0.913371
0.946565
0.180928
0.811768
0.815262
0.421119
0.962667
0.293489
0.745625
0.097531
0.294016
0.141339
0.166551
0.422416
0.119109
0.0211234
0.420544
0.0923409
0.260192
0.523443
0.114254
0.425376
0.961314
0.677602
0.401997
0.335231
0.0339596
0.0211964
0.700439
0.497949
0.44557
0.61381
0.444514
0.626498
0.425578
0.259777
0.0476173
0.388245
0.553266
0.793242
0.485776
0.847282
0.934582
0.652326
0.269697
0.0536903
0.67345
0.690241
0.146031
0.933642
0.213684
0.260285
0.359018
0.174998
0.937887
0.761015
0.510229
0.971846
0.782212
0.210668
0.469796
0.227782
0.824478
0.91431
0.85428
0.250055
0.174087
0.901897
0.6383
0.727353
0.695139
0.124075
0.574634
0.629721
0.776402
0.844331
0.683411
0.449851
0.534572
0.829442
0.383493
0.748257
0.0897273
0.742511
0.923255
0.0276141
0.503526
0.433484
0.999461
0.285738
0.644152
0.469256
0.513519
0.468629
0.383567
0.367799
0.718685
0.557654
0.269696
0.356985
0.285006
0.964835
0.48106
0.859641
0.594556
0.257462
0.703972
0.277967
0.707313
0.238544
0.107409
0.0908055
0.986801
0.197136
0.833316
0.910056
0.22475
0.336842
0.34354
0.224211
0.62258
0.987692
0.693467
0.136099
0.456321
0.0770338
0.503899
0.175006
0.634688
0.773594
0.531991
0.919694
0.73843
0.0130505
0.779335
0.332985
0.270512
0.483306
0.610952
0.977825
0.721851
0.71836
0.0686303
0.708652
0.915496
0.901947
0.618708
0.140246
0.238789
0.962248
0.364457
0.861369
0.94994
0.0579238
0.997468
0.406261
0.134958
0.501367
0.581267
0.769645
0.274961
0.113257
0.689339
0.013391
0.126308
0.468674
0.346376
0.39682
0.95198
0.957328
0.374645
0.673831
0.675688
0.443275
0.382483
0.591184
0.345222
0.00119118
0.731431
0.58401
0.963439
0.0958875
0.445379
0.913379
0.153811
0.442848
0.31964
0.288769
0.944215
0.900907
0.0584143
0.219176
0.0141645
0.747754
0.232567
0.140472
0.216427
0.578943
0.537292
0.168408
0.536271
0.911937
0.842239
0.21196
0.355212
0.224722
0.803144
0.700434
0.225913
0.534575
0.284444
0.189352
0.630462
0.729824
0.102731
0.784274
0.172671
0.422371
0.0730428
0.116886
0.323279
0.131457
0.336063
0.337443
0.879211
0.56863
0.477915
0.095638
0.147573
0.0152079
0.264046
0.683845
0.927145
0.106284
0.895804
0.282357
0.331006
0.698949
0.982791
0.556919
0.233523
0.267235
0.746271
0.863986
0.997059
0.849003
0.64826
0.16973
0.271374
0.721302
0.286617
0.594653
0.85276
0.622679
0.932096
0.73197
0.191309
0.410011
0.827608
0.338882
0.425219
0.0916539
0.022727
0.352364
0.197938
0.918531
0.634721
0.528944
0.61748
0.617512
0.0858633
0.851003
0.884748
0.832135
0.714989
0.881806
0.681137
0.363249
0.0515364
0.952511
0.0845515
0.338153
0.547164
0.937311
0.960832
0.47926
0.669281
0.152141
0.889271
0.49689
0.491023
0.31449
0.588543
0.51375
0.666854
0.786482
0.432282
0.301576
0.315426
0.0497618
0.919088
0.401289
0.900765
0.803836
0.233424
0.615755
0.685642
0.914561
0.979004
0.737178
0.867072
0.063555
0.0753312
0.414237
0.000866078
0.0361632
0.893497
0.670147
0.188304
0.782768
0.167037
0.679327
0.0972581
0.75558
0.193078
0.764113
0.542062
0.625359
0.0656885
0.857488
0.675121
0.984777
0.258777
0.575886
0.788612
0.492201
0.191641
0.474254
0.406761
0.170645
0.211433
0.273834
0.2342
0.286764
0.688071
0.235066
0.322927
0.581567
0.905213
0.511231
0.364335
0.0722502
0.190559
0.461593
0.827831
0.383637
0.225706
0.369893
0.00899603
0.291394
0.227381
0.684117
0.276171
0.486157
0.260004
0.0647834
0.978358
0.451645
0.539038
0.385119
0.622289
0.750471
0.658953
0.856489
0.0372347
0.347024
0.0915547
0.360162
0.928591
0.996768
0.871393
0.292926
0.069018
0.0619523
0.75452
0.896849
0.445589
0.980225
0.266741
0.454585
0.27162
0.494122
0.138702
0.54779
0.980279
0.398706
0.612574
0.958637
0.850351
0.151612
0.343757
0.47264
0.902083
0.00271035
0.329129
0.939317
0.349734
0.420684
0.299479
0.278326
0.417451
0.170873
0.571252
0.486469
0.232825
0.325772
0.383318
0.678414
0.305997
0.650059
0.132999
0.577617
0.144181
0.271701
0.125407
0.124461
0.670407
0.737981
0.083098
0.520758
0.889593
0.426855
0.993398
0.791675
0.429565
0.322526
0.730993
0.7793
0.74321
0.0304721
0.0576253
0.160661
0.201345
0.628877
0.647131
0.43417
0.954649
0.0304487
0.112584
0.260646
0.680508
0.245583
0.838263
0.824689
0.517284
0.96367
0.94915
0.187691
0.701651
0.0322476
0.708449
0.591244
0.459103
0.701846
0.382919
0.888668
0.0243728
0.113912
0.667967
0.767583
0.144384
0.725593
0.928244
0.345729
0.35447
0.575375
0.779899
0.309119
0.605824
0.892483
0.569765
0.286331
0.138066
0.408028
0.111021
0.65535
0.371698
0.0601703
0.843041
0.0733484
0.0924179
0.55149
0.664592
0.55152
0.253336
0.047511
0.440188
0.277709
0.161423
0.108155
0.0452919
0.305807
0.833748
0.973536
0.651535
0.188218
0.548911
0.431434
0.497337
0.154735
0.323917
0.0671025
0.441066
0.461982
0.47513
0.552087
0.117332
0.846828
0.612257
0.960373
0.920176
0.704675
0.511863
0.584768
0.256195
0.765199
0.632279
0.696383
0.0429086
0.793702
0.804539
0.0882006
0.0995086
0.638287
0.0617367
0.751044
0.826505
0.610648
0.182478
0.323842
0.765382
0.506394
0.390945
0.206448
0.968377
0.866075
0.758535
0.0857087
0.712903
0.370792
0.046082
0.63308
0.0754664
0.557945
0.217848
0.331661
0.323145
0.850127
0.0280447
0.366053
0.643829
0.832583
0.454254
0.743338
0.47087
0.515991
0.494382
0.297375
0.126638
0.676859
0.621217
0.89202
0.183254
0.0121618
0.0984686
0.15163
0.878237
0.857003
0.237339
0.59114
0.227795
0.283421
0.22422
0.303261
0.841366
0.442068
0.634923
0.164511
0.292195
0.662968
0.530564
0.936024
0.495551
0.984818
0.679362
0.966421
0.500809
0.173744
0.263796
0.627447
0.850604
0.885013
0.519467
0.0338573
0.897175
0.617936
0.185488
0.775412
0.474939
0.422827
0.366552
0.702734
0.706248
0.590772
0.00599552
0.547614
0.0328394
0.640918
0.712125
0.325034
0.303886
0.242689
0.261059
0.799437
0.227507
0.940421
0.765858
0.728316
0.114166
0.0296535
0.355763
0.964769
0.914667
0.87523
0.998626
0.811841
0.493166
0.184114
0.587253
0.968105
0.606941
0.953805
0.670839
0.313188
0.544576
0.676835
0.860802
0.577416
0.317753
0.572927
0.90245
0.621639
0.815616
0.163509
0.421076
0.043123
0.103931
0.186934
0.771439
0.218096
0.216587
0.127202
0.182865
0.131254
0.00243202
0.181492
0.943095
0.495598
0.365606
0.530348
0.463703
0.972546
0.484153
0.134543
0.285735
0.0287292
0.811378
0.146537
0.606145
0.129131
0.719463
0.508595
0.75077
0.535079
0.672104
0.171846
0.578202
0.776035
0.35878
0.349641
0.994131
0.575367
0.476843
0.176996
0.70662
0.479275
0.358488
0.649715
0.974873
0.724094
0.180063
0.438576
0.69664
0.664216
0.573119
0.982375
0.692945
0.384497
0.128911
0.29909
0.513628
0.848375
0.807685
0.264398
0.383454
0.479789
0.436244
0.961656
0.255824
0.795024
0.311297
0.249956
0.370391
0.788139
0.426952
0.0770107
0.267414
0.78544
0.726726
0.242287
0.509534
0.906789
0.680863
0.206174
0.571004
0.253982
0.188549
0.263949
0.638479
0.31746
0.563039
0.152107
0.165835
0.370724
0.416505
0.549289
0.850513
0.852749
0.510945
0.106338
0.647773
0.822241
0.356293
0.0181637
0.61038
0.783245
0.0951744
0.877795
0.568685
0.8219
0.120081
0.0782194
0.728689
0.800945
0.284394
0.299693
0.0549266
0.472943
0.563642
0.693406
0.790403
0.126681
0.845512
0.956238
0.497405
0.262017
0.505527
0.347918
0.114766
0.0164716
0.454256
0.76254
0.838713
0.810549
0.780703
0.449093
0.593795
0.875878
0.326888
0.16248
0.697778
0.446969
0.2407
0.426466
0.247914
0.525093
0.726159
0.30284
0.998036
0.289801
0.996246
0.788439
0.416482
0.841758
0.744677
0.913887
0.103775
0.250204
0.261805
0.218542
0.266676
0.716061
0.981081
0.105389
0.52661
0.761785
0.554482
0.120405
0.637662
0.88137
0.282886
0.33544
0.328339
0.523586
0.761906
0.576253
0.0486789
0.488066
0.879093
0.0467149
0.777867
0.875339
0.835154
0.194349
0.717097
0.579831
0.108236
0.820872
0.830036
0.370041
0.0394137
0.0967115
0.0861018
0.0204951
0.2021
0.612712
0.78228
0.756582
0.733118
0.419942
0.637952
0.0160035
0.755382
0.966291
0.539589
0.517288
0.542543
0.588268
0.00535348
0.421636
0.634983
0.78322
0.296975
0.470137
0.977569
0.0140714
0.0499683
0.0858053
0.834943
0.880004
0.455846
0.874357
0.976715
0.541948
0.894852
0.178816
0.15466
0.677132
0.935398
0.887778
0.0970735
0.57335
0.903781
0.852455
0.53964
0.443371
0.369743
0.0821834
0.0316386
0.375097
0.503819
0.666622
0.158317
0.800794
0.136759
0.135886
0.814865
0.186727
0.221692
0.649809
0.0667307
0.677538
0.524166
0.0434461
0.219486
0.419018
0.222262
0.374146
0.0961498
0.157659
0.261924
0.193223
0.731009
0.165705
0.0456785
0.270649
0.609076
0.415422
0.352833
0.640714
0.790518
0.856652
0.307336
0.948835
0.657446
0.444095
0.0847213
0.472311
0.630822
0.306413
0.12212
0.697552
0.98395
0.646286
0.740998
0.203436
0.0653041
0.96326
0.577582
0.161454
0.120919
0.839506
0.354677
0.851928
0.00521102
0.400356
0.122578
0.614287
0.815777
0.47541
0.255001
0.606295
0.332062
0.562337
0.55513
0.989508
0.00643206
0.639851
0.46182
0.637254
0.946264
0.58394
0.334806
0.930215
0.230226
0.0758041
0.133651
0.29553
0.0390641
0.711233
0.456984
0.159984
0.550738
0.811661
0.0119121
0.55595
0.212017
0.13449
0.170236
0.0277939
0.6099
0.425238
0.634089
0.941962
0.987575
0.189219
0.931471
0.994007
0.82907
0.393291
0.631261
0.775335
0.977231
0.966067
0.705549
0.207457
0.0418706
0.8392
0.502987
0.0809347
0.550433
0.959971
0.240918
0.101171
0.771632
0.25283
0.657121
0.983649
0.38732
0.827357
0.0114429
0.99722
0.252595
0.645532
0.939183
0.24017
0.834751
0.870653
0.234177
0.663821
0.263944
0.865438
0.439156
0.241175
0.831504
0.144705
0.448631
0.873375
0.983905
0.951618
0.954309
0.534338
0.911589
0.195228
0.635509
0.683222
0.448058
0.29263
0.666871
0.835378
0.119987
0.678313
0.832599
0.372581
0.323845
0.771781
0.612751
0.158596
0.642434
0.846928
0.822418
0.906378
0.712366
0.261574
0.147553
0.54387
0.406279
0.596184
0.417244
0.390184
0.547802
0.371554
0.924522
0.459392
0.566782
0.560031
0.142613
0.0148399
0.852661
0.809484
0.850218
0.972648
0.487797
0.682817
0.345229
0.811643
0.454598
0.95798
0.970239
0.0970325
0.804908
0.792657
0.00341086
0.517274
0.0542308
0.150964
0.0611433
0.46051
0.747148
0.478388
0.850694
0.29495
0.849942
0.775216
0.754342
0.416724
0.335248
0.896955
0.431563
0.187909
0.706439
0.281782
0.160556
0.194236
0.964599
0.505785
0.00587881
0.419197
0.463765
0.976118
0.516229
0.268673
0.768775
0.51964
0.785947
0.823006
0.670604
0.84709
0.283516
0.417752
0.325478
0.13421
0.712702
0.17542
0.909426
0.467044
0.592143
0.244674
0.363999
0.0237065
0.432582
0.0704376
0.305488
0.593138
0.264674
0.270087
0.0989234
0.270553
0.689284
0.562688
0.24667
0.205513
0.831361
0.0154454
0.725153
0.617308
0.838451
0.395757
0.464398
0.121967
0.813508
0.789876
0.256177
0.52621
0.965296
0.165603
0.993254
0.557439
0.410276
0.357252
0.581145
0.842859
0.42769
0.886633
0.435997
0.692364
0.15672
0.53492
0.962916
0.846004
0.0976089
0.209587
0.0515167
0.92897
0.225032
0.77667
0.546279
0.0634833
0.172426
0.0106767
0.18545
0.985934
0.800553
0.441627
0.512144
0.765848
0.607229
0.505398
0.323287
0.0175057
0.86265
0.904432
0.860364
0.29034
0.791065
0.296362
0.982704
0.947786
0.831282
0.945621
0.79379
0.928891
0.155207
0.845307
0.857861
0.38024
0.621976
0.40414
0.443723
0.794402
0.414817
0.629173
0.780337
0.215369
0.0707997
0.292481
0.981217
0.678029
0.797879
0.304504
0.695535
0.660529
0.208936
0.555899
0.95087
1.81096e-06
0.852261
0.933574
0.947788
0.683543
0.879194
0.741577
0.612433
0.0344017
0.586884
0.470295
0.414641
0.20886
0.874434
0.858365
0.00326226
0.289251
0.487538
0.783599
0.50462
0.558337
0.0760798
0.485838
0.236366
0.873959
0.790342
0.931901
0.534488
0.999278
0.4878
0.485357
0.99928
0.340061
0.418931
0.947068
0.0236032
0.298125
0.688645
0.636037
0.332527
0.275529
0.106331
0.747168
0.484389
0.980766
0.605533
0.487651
0.270017
0.0930708
0.27125
0.774637
0.651408
0.34733
0.260474
0.887775
0.221289
0.0508163
0.819676
0.755776
0.0500946
0.307476
0.241134
0.0493747
0.647536
0.660065
0.996442
0.67114
0.95819
0.685088
0.307176
0.290717
0.960617
0.413508
0.0378855
0.445006
0.394273
0.643419
0.932657
0.66429
0.736489
0.203907
0.438927
0.387898
0.551237
0.699401
0.275672
0.772526
0.750217
0.0953477
0.528302
0.800312
0.402824
0.769436
0.849687
0.05036
0.429501
0.846129
0.7215
0.38769
0.531217
0.028676
0.678407
0.491833
0.442184
0.716293
0.936839
0.836457
0.359711
0.869496
0.500747
0.0962008
0.0734035
0.939674
0.484098
0.624641
0.639075
0.75977
0.397166
0.389292
0.855118
0.925469
0.189604
0.257942
0.694905
0.0392911
0.308302
0.124405
0.88542
0.0298013
0.512096
0.416637
0.0584774
0.190503
0.908471
0.500661
0.906796
0.84531
0.337118
0.266507
0.714806
0.837865
0.362708
0.788209
0.777538
0.846807
0.41285
0.416613
0.606577
0.810017
0.805905
0.461695
0.735485
0.99551
0.719637
0.43039
0.0348008
0.0279385
0.554795
0.920221
0.0577399
0.0668904
0.336858
0.116217
0.257393
0.245329
0.616878
0.164189
0.0906387
0.953996
0.430697
0.805445
0.791861
0.793405
0.593654
0.569399
0.640211
0.00650434
0.986013
0.246788
0.816521
0.791918
0.708483
0.552006
0.787428
0.42812
0.982396
0.822229
0.456059
0.537191
0.74245
0.513799
0.604081
0.0793083
0.630016
0.861475
0.324637
0.246894
0.0256639
0.415276
0.20089
0.45636
0.220721
0.992751
0.249765
0.814375
0.562151
0.889976
0.820879
0.548163
0.136764
0.6374
0.340082
0.845248
0.189406
0.12751
0.273368
0.171803
0.949738
0.729427
0.708994
0.692188
0.243225
0.313075
0.771497
0.873241
0.17455
0.096134
0.120135
0.200214
0.51141
0.321025
0.656574
0.73213
0.313776
0.906339
0.546505
0.875927
0.796316
0.367384
0.42409
0.93308
0.00478428
0.764172
0.778328
0.194191
0.891681
0.0516959
0.365993
0.84142
0.781122
0.0749871
0.533608
0.0243476
0.388062
0.305105
0.897588
0.562612
0.401239
0.0177233
0.762826
0.912649
0.338748
0.4194
0.644779
0.652524
0.32574
0.191284
0.528451
0.122055
0.558669
0.952541
0.0551356
0.563453
0.716713
0.833464
0.757644
0.608394
0.885159
0.123637
0.449814
0.666282
0.198624
0.983422
0.690629
0.586686
0.288527
0.588218
0.149299
0.689766
0.605941
0.912125
0.602415
0.94469
0.331525
0.247194
0.597214
0.657265
0.438478
0.125665
0.77932
0.997147
0.0782061
0.834456
0.5606
0.794919
0.667919
0.318243
0.403313
0.553079
0.44188
0.853127
0.21936
0.640504
0.836549
0.90999
0.227191
0.125076
0.498208
0.376489
0.814842
0.104149
0.288614
0.417257
0.0488386
0.620139
0.664451
0.646053
0.277404
0.102929
0.771717
0.0567237
0.100076
0.849924
0.891179
0.660676
0.644843
0.559099
0.978919
0.0481557
0.112177
0.420799
0.901283
0.331538
0.0613034
0.737832
0.241528
0.288494
0.862908
0.739735
0.664983
0.67775
0.843884
0.953597
0.0950073
0.892723
0.573736
0.759458
0.538776
0.85114
0.862387
0.310493
0.907863
0.962463
0.160417
0.799043
0.623139
0.805259
0.358141
0.602058
0.853415
0.470319
0.0228574
0.754698
0.801856
0.0841608
0.49253
0.0433837
0.372655
0.355438
0.783119
0.0376382
0.0331883
0.627003
0.991236
0.128196
0.519727
0.564972
0.887654
0.0585021
0.416112
0.750041
0.368995
0.323975
0.712505
0.529412
0.123018
0.335644
0.334671
0.481159
0.937702
0.188086
0.951478
0.960559
0.942784
0.753334
0.0447201
0.435314
0.796718
0.417375
0.790752
0.579837
0.455013
0.82394
0.20684
0.446249
0.952136
0.726566
0.0112205
0.839789
0.785069
0.427332
0.58983
0.154064
0.751307
0.302335
0.683476
0.874325
0.637979
0.0181468
0.355484
0.57568
0.206233
0.306962
0.53624
0.149017
0.0602956
0.58096
0.584331
0.857013
0.998335
0.375083
0.43685
0.453348
0.199023
0.64369
0.899597
0.151159
0.370256
0.910817
0.990948
0.155325
0.338149
0.580779
0.309389
0.0894564
0.883113
0.992864
0.963781
0.521092
0.0110112
0.319265
0.0967726
0.217244
0.626227
0.633012
0.366261
0.686522
0.213972
0.950593
0.543536
0.212307
0.325675
0.980385
0.665655
0.524699
0.624075
0.565252
0.675857
0.994332
0.476069
0.666805
0.149657
0.814219
0.247584
0.459045
0.903675
0.130697
0.45191
0.867456
0.651789
0.462921
0.186721
0.748562
0.680165
0.812948
0.381574
0.0464267
0.499471
0.595547
0.997019
0.0430064
0.807854
0.322695
0.0233919
0.473509
0.847393
0.647467
0.038761
0.523251
0.641799
0.51483
0.190056
0.791456
0.329049
0.43764
0.250501
0.232724
0.568337
0.702411
0.100181
0.220127
0.165332
0.286902
0.968689
0.845497
0.0998502
0.350263
0.891924
0.599321
0.94581
0.888943
0.642327
0.753664
0.211637
0.665719
0.227173
0.0590306
0.313186
0.265934
0.582281
0.954985
0.780764
0.772337
0.746441
0.109814
0.209977
0.996942
0.342538
0.778315
0.699352
0.442718
0.998442
0.864684
0.72962
0.967131
0.710181
0.829471
0.317394
0.602105
0.428792
0.263204
0.491047
0.0711189
0.0168682
0.702685
0.736838
0.244041
0.761715
0.0500245
0.509975
0.343996
0.00500976
0.29074
0.116334
0.751451
0.400553
0.326311
0.748392
0.743091
0.104625
0.447745
0.185809
0.103067
0.312429
0.91543
0.0701976
0.0226098
0.744901
0.387592
0.624714
0.173692
0.650796
0.115762
0.244811
0.667664
0.818446
0.981649
0.911705
0.580162
0.0316736
0.42168
0.924158
0.0366834
0.71242
0.0404915
0.788134
0.112973
0.366802
0.536526
0.856064
0.471428
0.984271
0.0418737
0.574495
0.2967
0.957304
0.644692
0.31931
0.702204
0.0322837
0.944024
0.875896
0.68308
0.0597857
0.120707
0.350744
0.878232
0.102356
0.262449
0.458393
0.13403
0.684129
0.382551
0.170713
0.396549
0.423043
0.958847
0.509522
0.789845
0.495374
0.365587
0.261273
0.479645
0.40746
0.835767
0.776345
0.364764
0.480459
0.0956543
0.0669682
0.512743
0.0396783
0.942864
0.195823
0.099464
0.0635715
0.546566
0.977696
0.165928
0.809015
0.436089
0.299958
0.493144
0.818641
0.470671
0.889694
0.241683
0.429519
0.399216
0.0315284
0.924892
0.764803
0.292801
0.404537
0.172263
0.128568
0.180881
0.537027
0.609027
0.276536
0.603996
0.12177
0.316214
0.54686
0.317593
0.415678
0.610431
0.864159
0.393374
0.776359
0.673174
0.829463
0.0763171
0.166318
0.648104
0.546988
0.0560119
0.889787
0.976507
0.455228
0.921316
0.901399
0.220031
0.214117
0.305936
0.392294
0.342685
0.486817
0.929322
0.951712
0.763353
0.533317
0.0734823
0.0795669
0.0801772
0.391075
0.495245
0.690609
0.255234
0.888619
0.466968
0.928408
0.718082
0.543285
0.0947262
0.366186
0.0902734
0.150738
0.255973
0.0667803
0.605966
0.177289
0.968179
0.825997
0.391406
0.274115
0.218291
0.73409
0.760933
0.147613
0.685802
0.524285
0.68093
0.759285
0.603852
0.761107
0.15036
0.0990971
0.451716
0.405594
0.987716
0.918684
0.334002
0.705798
0.461969
0.428728
0.0719839
0.552242
0.579466
0.327957
0.619023
0.185432
0.505246
0.587202
0.011429
0.896652
0.861317
0.22972
0.630742
0.62225
0.377333
0.316545
0.146536
0.0582632
0.0758293
0.750388
0.819371
0.226189
0.849485
0.271087
0.631783
0.837201
0.18977
0.965784
0.542999
0.651739
0.394512
0.614983
0.203982
0.973978
0.94294
0.823005
0.15941
0.448186
0.410207
0.170839
0.344838
0.271524
0.400559
0.97558
0.893774
0.777892
0.292125
0.0403098
0.836156
0.367954
0.790698
0.655526
0.594143
0.640183
0.926613
0.225926
0.477383
0.116383
0.19171
0.0203823
0.768123
0.586222
0.635365
0.972105
0.5602
0.578305
0.795109
0.71961
0.026491
0.205316
0.890449
0.371329
0.47684
0.291009
0.346909
0.370615
0.0689011
0.639034
0.410924
0.905057
0.00698819
0.201622
0.560583
0.601131
0.841805
0.487196
0.827057
0.319188
0.603579
0.0187671
0.33957
0.371702
0.604989
0.974935
0.343806
0.165189
0.55324
0.138916
0.884799
0.579731
0.344232
0.775249
0.95106
0.821072
0.0662573
0.297969
0.191687
0.135158
0.937003
0.602611
0.0402152
0.943992
0.804233
0.600798
0.545123
0.646038
0.087994
0.37218
0.965226
0.691573
0.390947
0.304796
0.0632749
0.995936
0.279732
0.407081
0.161126
0.832972
0.545997
0.045925
0.412704
0.890229
0.821174
0.363764
0.711301
0.887431
0.661733
0.902987
0.0225894
