407.682
1162.75
568.088
303.354
175.62
992.829
998.131
767.171
899.662
1033.89
816.21
222.803
992.134
1059.99
531.754
1023.22
267.353
923.017
506.308
664.356
951.111
277.758
550.145
662.899
691.842
427.82
981.437
748.761
1035.98
813.641
267.204
356.929
864.447
819.906
691.383
873.818
642.629
932.084
1114.53
264.194
1111.17
902.327
734.28
841.44
761.289
797.71
786.74
830.241
1042.51
825.306
1126.75
538.278
1076.03
221.261
1155.47
471.781
370.55
927.359
1015.03
961.349
352.134
854.426
595.82
341.783
386.791
1095.46
327.216
355.941
707.731
1012.56
330.135
648.182
810.519
854.972
795.033
412.077
393.227
319.872
935.658
1004.62
327.447
1129.86
902.498
338.725
1022.36
891.039
901.869
646.907
1161.13
341.298
712.985
304.697
220.543
992.438
989.123
277.433
537.619
832.236
481.651
984.292
