0.178545
0.256781
0.381916
0.380022
0.615628
0.137855
0.0358084
25.5638
2.55932
0.416992
2.13789
0.282118
0.265233
8.61418
11.0273
0.884665
0.897203
3.522
1.19838
8.12187
0.333445
0.00274951
1.36274
1.7754
0.911408
0.088034
4.47417
14.6364
1.47885
0.308573
0.512891
0.951423
1.27069
0.829082
0.225923
1.31257
1.06055
0.708958
0.888017
0.249063
4.44681
1.33727
0.512891
0.622813
0.0968841
0.58351
1.02789
1.75829
1.05739
1.97964
0.387829
1.13783
0.205931
0.812925
0.619498
3.68037
24.9438
1.81721
3.56414
0.357767
1.51556
0.596617
1.22143
0.0250106
905.696
1.51425
0.604565
0.692309
2.15029
8.93952
0.12142
1.42229
0.0277456
0.625468
1.33732
0.567402
0.397532
0.761586
2.36571
0.0398643
72.4789
0.0704358
1.71402
1.42765
2.73363
0.582923
0.388752
0.0787041
0.990394
0.035844
0.401258
0.607725
0.446462
0.180389
1.90968
1.30319
0.0974679
153.841
1.87786
4.12108
