0.427484
0.386663
0.284524
0.392667
0.066443
0.924706
0.681680
0.985458
0.190131
0.000972
0.037784
0.370348
0.798029
0.446520
0.028269
0.026515
0.215504
0.513467
0.881955
0.169625
0.946782
0.363358
0.045251
0.077427
0.528968
0.115959
0.567267
0.303328
0.481377
0.984174
0.660559
0.908861
0.370837
0.945082
0.301528
0.437279
0.869788
0.983208
0.422738
0.059919
0.984180
0.460522
0.430267
0.782209
0.907042
0.458535
0.808724
0.122546
0.972002
0.690679
0.292171
0.918784
0.054037
0.337422
0.996211
0.583006
0.453381
0.563478
0.886333
0.934757
0.547652
0.546892
0.843618
0.918489
0.491974
0.145146
0.355768
0.361762
0.128354
0.778505
0.421681
0.112534
0.239027
0.851948
0.894743
0.146069
0.310483
0.703467
0.268614
0.282485
0.394146
0.560785
0.201269
0.448184
0.898206
0.197480
0.031189
0.351587
0.760958
0.917523
0.286344
0.308610
0.464415
0.129962
0.227099
0.956389
0.275109
0.582866
0.318151
0.403463
0.361372
0.739833
0.515997
0.600399
0.591781
0.410740
0.746467
0.902264
0.114207
0.015082
0.184750
0.508353
0.575867
0.386019
0.956537
0.474073
0.583499
0.987727
0.825660
0.344457
0.905249
0.112004
0.653067
0.369664
0.241967
0.880165
0.326053
0.517075
0.463032
0.644205
0.920538
0.824403
0.384038
0.436534
0.424802
0.975819
0.847274
0.171269
0.878083
0.961481
0.186351
0.062833
0.469835
0.762218
0.448852
0.426372
0.236291
0.032350
0.414098
0.061951
0.376807
0.319348
0.173955
0.029874
0.689012
0.415922
0.910039
0.015065
0.932997
0.373071
0.659270
0.853535
0.197474
0.043308
0.290070
0.622276
0.019127
0.137344
0.793546
0.897210
0.098825
0.979897
0.960043
0.568659
0.742114
0.408894
0.995031
0.978405
0.441245
0.409129
0.040355
0.818052
0.728477
0.214311
0.847926
0.417489
0.630232
0.757965
0.432554
0.563230
0.131036
0.091825
0.416765
0.328511
0.135133
0.706835
0.950787
0.154259
0.844179
0.744332
0.051469
0.943004
0.724229
0.011512
0.511663
0.466343
0.420407
0.506694
0.444748
0.861651
0.915824
0.485103
0.679703
0.644301
0.699414
0.527629
0.061790
0.329646
0.285594
0.494344
0.892876
0.416630
0.586169
0.309641
0.745141
0.721301
0.016476
0.695928
0.875560
0.860655
0.440260
0.927030
0.803658
0.164489
0.938542
0.315321
0.630832
0.358949
0.822015
0.075580
0.220600
0.737839
0.560683
0.900303
0.382140
0.260097
0.427932
0.443930
0.589743
0.713527
0.938274
0.482619
0.130157
0.524442
0.792260
0.875298
0.245744
0.808736
0.571226
0.121304
0.669391
0.011486
0.048334
0.473049
0.175975
0.986876
0.788370
0.806807
0.345824
0.610385
0.882387
0.566424
0.348225
0.443069
0.466727
0.730364
0.703166
0.894660
0.174294
0.292909
0.608187
0.112568
0.775528
0.738344
0.637010
0.567788
0.613642
0.882754
0.376524
0.184868
0.004058
0.045915
0.196354
0.052391
0.518963
0.372329
0.039267
0.307333
0.179136
0.385091
0.917719
0.061522
0.951515
0.265943
0.504592
0.418243
0.996308
0.207758
0.312903
0.170602
0.500667
0.921089
0.283170
0.276195
0.659433
0.920180
0.843983
0.273075
0.802934
0.220508
0.457943
0.806991
0.266422
0.654297
0.859383
0.785386
0.026626
0.898650
0.092719
0.205762
0.283741
0.010438
0.267284
0.235256
0.276381
0.771876
0.653499
0.272689
0.979634
0.966402
0.443291
0.480301
0.887491
0.726461
0.756497
0.546924
0.646641
0.600480
0.819999
0.449574
0.820988
0.277942
0.256565
0.087410
0.932239
0.115948
0.872796
0.958866
0.014598
0.965515
0.164628
0.298339
0.975953
0.431912
0.533596
0.252334
0.203788
0.187095
0.525023
0.183423
0.153497
0.968314
0.663724
0.040988
0.694775
0.420221
0.587911
0.341415
0.020701
0.407910
0.790989
0.841688
0.685853
0.047555
0.929098
0.618092
0.163503
0.801894
0.576958
0.178101
0.767408
0.741585
0.476440
0.743361
0.173497
0.010036
0.995695
0.377286
0.197131
0.520718
0.560708
0.350627
0.489032
0.224432
0.391615
0.183807
0.644653
0.979526
0.525222
0.665354
0.387437
0.316211
0.507042
0.073290
0.363766
0.436140
0.691382
0.527269
0.238034
0.268339
0.705370
0.005442
0.009924
0.181810
0.748803
0.183422
0.191845
0.744499
0.560707
0.388976
0.265217
0.121415
0.739604
0.754249
0.345848
0.131219
0.938055
0.990501
0.110745
0.463277
0.655854
0.498182
0.779488
0.162896
0.571471
0.143254
0.599037
0.262853
0.670523
0.837071
0.531192
0.375892
0.842513
0.541116
0.557702
0.591316
0.724538
0.749547
0.335815
0.285245
0.138524
0.601032
0.406661
0.878127
0.355280
0.752508
0.009346
0.293336
0.743009
0.120091
0.756613
0.398863
0.618273
0.536101
0.561760
0.189744
0.679355
0.160796
0.452597
0.349878
0.997867
0.983790
0.725770
0.840380
0.524906
0.283472
0.431696
0.249444
0.033019
0.767511
0.534689
0.171543
0.368543
0.941350
0.049670
0.723823
0.693858
0.059016
0.017158
0.436866
0.179107
0.773771
0.835730
0.797380
0.309872
0.397489
0.987125
0.989227
0.558285
0.439722
0.339105
0.556152
0.423512
0.064875
0.396532
0.948417
0.348348
0.828228
0.197861
0.381367
0.595739
0.732550
0.552910
0.964281
0.673900
0.602580
0.688104
0.367758
0.661596
0.705262
0.804624
0.840704
0.479033
0.640354
0.638084
0.788905
0.037843
0.625208
0.778133
0.596128
0.064930
0.117238
0.152280
0.488442
0.182113
0.548812
0.436859
0.530461
0.377039
0.634721
0.911828
0.972778
0.367271
0.464738
0.937059
0.041171
0.067318
0.625163
0.408929
0.728914
0.330425
0.213553
0.569618
0.809459
0.853906
0.207702
0.598364
0.891749
0.832910
0.376497
0.487877
0.897841
0.493735
0.640157
0.386282
0.675848
0.188969
0.823142
0.206309
0.566008
0.457863
0.118137
0.538786
0.825134
0.582874
0.475846
0.866305
0.650192
0.101009
0.275233
0.379107
0.431434
0.488786
0.948725
0.240893
0.342692
0.156426
0.839257
0.234441
0.989336
0.215754
0.722319
0.887177
0.709488
0.362476
0.273459
0.385336
0.551445
0.096601
0.591645
0.117453
0.554464
0.709782
0.656240
0.379597
0.292656
0.132085
0.245902
0.942849
0.233094
0.521135
0.321955
0.664528
0.009921
0.270680
0.905421
0.352613
0.427106
0.744678
0.587055
0.416443
0.960432
0.309373
0.303620
0.669921
0.671850
0.577079
0.055257
0.223295
0.673680
0.646902
0.340748
0.228144
0.356684
0.996988
0.607742
0.649341
0.129073
0.853644
0.592189
0.362167
0.374779
0.914144
0.026695
0.384700
0.184824
0.932116
0.737313
0.611930
0.676795
0.324368
0.028373
0.637227
0.633742
0.331993
0.307148
0.305591
0.909072
0.362405
0.528886
0.582752
0.009307
0.869634
0.810896
0.365991
0.866621
0.418638
0.015332
0.995694
0.272282
0.607521
0.357861
0.647060
0.521666
0.384556
0.031760
0.706490
0.316672
0.769074
0.318420
0.993467
0.093442
0.346793
0.630694
0.727183
0.678786
0.937841
0.032774
0.587857
0.300246
0.561660
0.170610
0.309553
0.431294
0.981506
0.675545
0.297915
0.400144
0.690877
0.293609
0.672425
0.298398
0.651470
0.319486
0.820064
0.036026
0.351246
0.526553
0.352698
0.120320
0.844973
0.346165
0.213762
0.191767
0.976859
0.940945
0.870552
0.914700
0.973720
0.458410
0.214946
0.535380
0.629019
0.524500
0.966674
0.610525
0.200044
0.264589
0.010669
0.890921
0.558198
0.683094
0.189319
0.209668
0.002580
0.009382
0.245693
0.353826
0.535936
0.598392
0.474146
0.380909
0.944557
0.687908
0.572676
0.921416
0.628853
0.443228
0.836116
0.602573
0.901638
0.051063
0.137953
0.530657
0.575562
0.104627
0.141182
0.775606
0.369215
0.151851
0.666527
0.927413
0.834945
0.855846
0.137080
0.837525
0.865228
0.382774
0.191351
0.401164
0.981165
0.665497
0.782073
0.925722
0.353405
0.354749
0.847138
0.982258
0.797977
0.683254
0.584831
0.699614
0.734317
0.722784
0.230271
0.309879
0.827411
0.371453
0.085485
0.196626
0.523304
0.752013
0.124038
0.358249
0.607859
0.261119
0.195773
0.473087
0.643893
0.387124
0.874251
0.625058
0.052621
0.656324
0.550780
0.406026
0.011073
0.397918
0.388284
0.809049
0.081172
0.973115
0.508664
0.815489
0.695899
0.738935
0.125368
0.523310
0.110388
0.210853
0.719935
0.633692
0.962866
0.843974
0.991940
0.570725
0.105093
0.187714
0.043812
0.748985
0.574838
0.918063
0.374043
0.627459
0.574387
0.924823
0.033485
0.585460
0.322741
0.421768
0.394509
0.403914
0.394883
0.903173
0.219402
0.090783
0.642107
0.344770
0.614092
0.752495
0.555624
0.334028
0.386187
0.518490
0.178002
0.378127
0.089215
0.283094
0.565841
0.133027
0.032080
0.140678
0.051090
0.406123
0.768137
0.625477
0.330946
0.801622
0.210937
0.653688
0.223390
0.605446
0.057601
0.618274
0.508619
0.277004
0.709056
0.150727
0.621774
0.323148
0.903222
0.177398
0.657176
0.289408
0.695888
0.835178
0.667535
0.785103
0.118272
0.233376
0.918130
0.150352
0.374054
0.969220
0.556475
0.142192
0.594697
0.887421
0.943813
0.805634
0.541109
0.167204
0.411080
0.598710
0.785477
0.919699
0.875713
0.494533
0.070426
0.497488
0.817682
0.973647
0.674885
0.474858
0.263056
0.370773
0.310035
0.930591
0.155876
0.428308
0.163967
0.074006
0.578659
0.538021
0.043225
0.135134
0.680213
0.637922
0.022555
0.624026
0.443556
0.563663
0.791230
0.854636
0.162373
0.576707
0.774335
0.038087
0.071240
0.844761
0.535574
0.888922
0.818408
0.210460
0.363779
0.081464
0.581233
0.673815
0.012055
0.737109
0.102122
0.176022
0.811115
0.680782
0.714043
0.854340
0.815916
0.394256
0.492262
0.838471
0.018282
0.935818
0.402134
0.809512
0.790454
0.564507
0.386219
0.564789
0.602594
0.457459
0.409549
0.138168
0.346381
0.227957
0.348628
0.710161
0.309421
0.929861
0.383976
0.321476
0.666970
0.486098
0.497497
0.478085
0.166880
0.211540
0.332425
0.982796
0.605797
0.824687
0.821266
0.624079
0.760506
0.223401
0.433591
0.550959
0.787908
0.819811
0.115748
0.390502
0.277270
0.525298
0.528670
0.623651
0.753255
0.877298
0.333812
0.062676
0.807159
0.717788
0.384151
0.474129
0.203886
0.881649
0.952215
0.370766
0.093189
0.284640
0.353561
0.698986
0.109327
0.174828
0.323065
0.869833
0.398229
0.756656
0.420792
0.186136
0.576467
0.536540
0.576638
0.853737
0.061838
0.105309
0.477388
0.815093
0.982607
0.811200
0.877769
0.789766
0.528987
0.261920
0.263895
0.732873
0.143569
0.216110
0.103638
0.236758
0.500750
0.457200
0.935744
0.610077
0.632028
0.258809
0.479910
0.030256
0.015465
0.900702
0.216393
0.591931
0.437242
0.793031
0.445668
0.499080
0.898340
0.923055
0.314173
0.880947
0.734255
0.191941
0.670713
0.263242
0.453861
0.934608
0.996115
0.597430
0.150718
0.099754
0.834188
0.651468
0.556954
0.769932
0.261545
0.188981
0.028740
0.741455
0.219238
0.044205
0.642157
0.435630
0.636136
0.079399
0.228661
0.081804
0.578479
0.127001
0.004859
0.892652
0.007948
0.739115
0.084593
0.678660
0.002357
0.538455
0.613269
0.998472
0.135885
0.763987
0.098226
0.970073
0.415454
0.655180
0.740005
0.676999
0.844161
0.768745
0.418454
0.063399
0.812950
0.060610
0.499029
0.449086
0.140009
0.727690
0.530890
0.718488
0.854692
0.535749
0.611140
0.862640
0.274864
0.695734
0.541300
0.277221
0.234189
0.154569
0.275693
0.370074
0.918555
0.373919
0.340147
0.334010
0.029099
0.080151
0.011009
0.873260
0.848896
0.429463
0.936659
0.661846
0.490073
0.435688
0.110932
0.630083
0.163379
0.641822
0.348571
0.018070
0.177571
0.959711
0.880710
0.452435
0.655445
0.422010
0.729656
0.889634
0.576578
0.005349
0.259707
0.495134
0.379268
0.599854
0.829143
0.408367
0.680005
0.840152
0.281628
0.528901
0.269615
0.218287
0.190747
0.759689
0.653975
0.301679
0.389771
0.817353
0.943501
0.738342
0.835423
0.121073
0.698054
0.716133
0.573508
0.353499
0.138143
0.303164
0.243132
0.714721
0.308513
0.502840
0.209855
0.687781
0.102693
0.038998
0.096148
0.782698
0.879151
0.377776
0.311599
0.148766
0.596062
0.502346
0.908455
0.250037
0.804026
0.298226
0.067390
0.747527
0.036569
0.902814
0.868599
0.734622
0.618947
0.442107
0.088121
0.757090
0.745271
0.331253
0.471811
0.053784
0.834093
0.681666
0.741565
0.936786
0.720665
0.837713
0.719484
0.599816
0.215489
0.031084
0.748582
0.811551
0.533430
0.657036
0.061588
0.337455
0.955263
0.128978
0.084982
0.991831
0.031792
0.953582
0.726454
0.650739
0.395689
0.814575
0.407829
0.140960
0.145828
0.879640
0.194743
0.979921
0.561307
0.936308
0.916707
0.281972
0.774021
0.636191
0.881787
0.989510
0.667275
0.630369
0.801061
0.200705
0.287405
0.862649
0.538160
0.242668
0.991628
0.623142
0.234499
0.023420
0.576724
0.960953
0.674159
0.972413
0.775528
0.081988
0.113373
0.921355
0.961629
0.308116
0.901276
0.522935
0.244424
0.817983
0.804907
0.018445
0.454174
0.686695
0.007955
0.121449
0.317064
0.809016
0.322154
0.604469
0.671665
0.860314
0.847137
0.663293
0.483456
0.081637
0.686713
0.060181
0.042590
0.360872
0.032594
0.818117
0.442861
0.145966
0.739473
0.404489
0.454082
0.640749
0.927425
0.698506
0.458732
0.732332
0.716951
0.912906
0.419026
0.724906
0.034355
0.736090
0.533922
0.356509
0.340559
0.205587
0.216823
0.187696
0.868881
0.700279
0.269333
0.555594
0.760460
0.311922
0.916467
0.793053
0.130040
0.359327
0.939019
0.869512
0.763816
0.393102
0.510261
0.691241
0.091608
0.968993
0.423573
0.808559
0.881900
0.842599
0.533465
0.916255
0.578689
0.067387
0.272764
0.919247
0.272974
0.489587
0.106943
0.141855
0.189866
0.376276
0.697449
0.950325
0.688198
0.613916
0.743379
0.818238
0.973243
0.682398
0.687750
0.737059
0.075500
0.198012
0.428300
0.167107
0.167005
0.851872
0.975666
0.048905
0.694471
0.509131
0.965160
0.273160
0.576518
0.237923
0.192407
0.849492
0.727510
0.299351
0.991347
0.917376
0.675627
0.688796
0.867701
0.363825
0.302712
0.611079
0.182063
0.275955
0.293477
0.869813
0.013014
0.368977
0.067825
0.441314
0.536085
0.234830
0.293187
0.511751
0.283735
0.987658
0.020882
0.248895
0.260818
0.597400
0.486818
0.453225
0.446893
0.214328
0.752576
0.438240
0.131704
0.428203
0.127036
0.999404
0.792028
0.429748
0.610484
0.974091
0.705703
0.903961
0.843905
0.718718
0.272938
0.911730
0.160032
0.809023
0.146560
0.453218
0.320774
0.430295
0.440876
0.341656
0.679189
0.701694
0.939057
0.166007
0.154920
0.385949
0.380335
0.907496
0.824189
0.512039
0.335699
0.951225
0.511443
0.127727
0.380974
0.121927
0.101818
0.086677
0.025889
0.945723
0.805395
0.298827
0.857452
0.965427
0.107850
0.004012
0.418645
0.428624
0.434307
0.859522
0.770280
0.113496
0.561216
0.709337
0.279504
0.716135
0.095286
0.659839
0.623631
0.919476
0.171878
0.959330
0.870701
0.683321
0.087057
0.251675
0.805249
0.188875
0.338352
0.831137
0.134597
0.143747
0.129964
0.992049
0.109174
0.237814
0.996061
0.527819
0.666438
0.430368
0.387341
0.436719
0.543864
0.948557
0.146056
0.823368
0.664692
0.241342
0.483207
0.288323
0.160818
0.655085
0.247653
0.031519
0.338406
0.334710
0.283194
0.143654
0.523584
0.621546
0.974792
0.658182
0.765293
0.104756
0.650231
0.874467
0.342570
0.646293
0.402286
0.009008
0.076661
0.789627
0.445727
0.620525
0.738184
0.591782
0.443892
0.402876
0.833124
0.927099
0.691199
0.993942
0.582184
0.938852
0.025461
0.920589
0.273562
0.308655
0.064244
0.797146
0.930201
0.039035
0.455328
0.695494
0.143791
0.105559
0.569962
0.486361
0.751852
0.972248
0.495369
0.828512
0.761875
0.941095
0.449037
0.500059
0.532878
0.892930
0.902935
0.366002
0.820029
0.594134
0.359944
0.402212
0.532987
0.385405
0.322802
0.806549
0.694060
0.387045
0.603695
0.624261
0.426081
0.059023
0.319756
0.569872
0.164582
0.889718
0.056232
0.916434
0.861966
0.551601
0.744947
0.623841
0.492696
0.193984
0.123900
0.025574
0.086913
0.026835
0.391576
0.906942
0.620970
0.751520
0.309154
0.153956
0.136925
0.631956
0.960505
0.830986
0.019001
0.564200
0.455247
0.445082
0.623222
0.775003
0.014953
0.787805
0.664721
0.071185
0.704239
0.526686
0.622786
0.449185
0.150528
0.115482
0.643169
0.274428
0.141056
0.730082
0.301263
0.532631
0.637024
0.922233
0.284151
0.946179
0.076189
0.421076
0.578134
0.036693
0.252062
0.597135
0.600893
0.707309
0.042217
0.224115
0.482312
0.057170
0.011920
0.147033
0.128355
0.716159
0.673719
0.751142
0.165344
0.824247
0.866624
0.808513
0.098675
0.007679
0.538596
0.399938
0.540311
0.175620
0.322170
0.824462
0.121799
0.398359
0.245538
0.699933
0.435053
0.497600
0.297068
0.035946
0.204910
0.339285
0.260061
0.687222
0.396455
0.271981
0.834255
0.524811
0.988140
0.507974
0.275952
0.153485
0.332221
0.142576
0.961998
0.430896
0.150255
0.500594
0.830834
0.690566
0.676214
0.153004
0.515028
0.798013
0.551364
0.760566
0.497947
0.986416
0.258166
0.795015
0.022362
0.463076
0.134300
0.282423
0.150298
0.530755
0.554404
0.984552
0.055566
0.542545
0.492527
0.331518
0.696029
0.824748
0.474094
0.658027
0.255644
0.624349
0.158621
0.086478
0.314915
0.834836
0.239482
0.829942
0.632849
0.790846
0.590508
0.130796
0.777262
0.848675
0.925810
0.799624
0.311750
0.060111
0.082047
0.462048
0.590866
0.636451
0.446600
0.646432
0.178996
0.939127
0.977950
0.875025
0.763875
0.452043
0.533052
0.019519
0.076392
0.691674
0.105997
0.391307
0.526510
0.345480
0.221250
0.159359
0.136326
0.811758
0.290154
0.913588
0.660432
0.215965
0.713212
0.972183
0.276075
0.795259
0.434231
0.866941
0.431710
0.880831
0.513373
0.610706
0.819958
0.491322
0.485731
0.583833
0.943366
0.018784
0.603353
0.019758
0.710458
0.709350
0.411065
0.236967
0.054830
0.632315
0.396326
0.191156
0.444073
0.686480
0.104743
0.104505
0.902445
0.817955
0.076688
0.178521
0.613214
0.510918
0.045462
0.044924
0.391749
0.558835
0.655630
0.211708
0.050157
0.141361
0.795541
0.993522
0.160145
0.398894
0.013280
0.870602
0.108244
0.424345
0.107569
0.163074
0.056660
0.503895
0.354230
0.500732
0.190376
0.458973
0.605237
0.092821
0.276928
0.681925
0.271342
0.890142
0.192844
0.316804
0.935066
0.584593
0.875639
0.590695
0.796301
0.925795
0.732056
0.591842
0.919318
0.892201
0.990736
0.932598
0.762803
0.098980
0.356943
0.870373
0.262054
0.413603
0.374268
0.616283
0.914336
0.564644
0.075256
0.519573
0.657465
0.352184
0.201499
0.928807
0.242326
0.394342
0.245611
0.177391
0.978936
0.121249
0.768087
0.775237
0.047045
0.500143
0.367079
0.966363
0.392344
0.357814
0.898961
0.155148
0.456794
0.255904
0.025520
0.718848
0.669508
0.399789
0.335132
0.583843
0.964432
0.410388
0.103417
0.621897
0.762572
0.304915
0.550704
0.004898
0.699258
0.796315
0.182289
0.678193
0.917564
0.950375
0.453430
0.964609
0.450518
0.820509
0.930972
0.842863
0.178323
0.829932
0.998010
0.635117
0.085837
0.023530
0.353966
0.755344
0.423319
0.689098
0.339188
0.387751
0.099486
0.442604
0.009649
0.862058
0.747520
0.560353
0.866956
0.446778
0.356668
0.049244
0.124971
0.274233
0.999620
0.578401
0.238841
0.450138
0.398910
0.169813
0.293001
0.577233
0.999745
0.291011
0.212350
0.085582
0.314541
0.566316
0.840926
0.737860
0.255413
0.180114
0.125611
0.354899
0.622718
0.135260
0.216957
0.370238
0.695613
0.083913
0.817016
0.052282
0.133157
0.941987
0.326514
0.132777
0.520388
0.565356
0.582915
0.919297
0.735169
0.875915
0.496530
0.734914
0.166926
0.708880
0.820496
0.481467
0.275196
0.661422
0.219327
0.530609
0.841536
0.344938
0.885509
0.464254
0.480198
0.102466
0.834492
0.175812
0.186378
0.651508
0.228094
0.319535
0.593494
0.554608
0.452311
0.113882
0.119963
0.035226
0.033180
0.855132
0.911141
0.529710
0.590046
0.078067
0.238590
0.410542
0.559534
0.513786
0.071963
0.778860
0.044395
0.913499
0.123799
0.929904
0.377753
0.603997
0.032369
0.212245
0.779809
0.218747
0.863752
0.007903
0.538282
0.457247
0.562510
0.990594
0.571129
0.682474
0.025820
0.604309
0.537606
0.936961
0.134019
0.127651
0.015027
0.372608
0.538193
0.574561
0.886394
0.610157
0.353421
0.930789
0.523656
0.477220
0.860692
0.901408
0.081217
0.893062
0.113653
0.861026
0.111809
0.977405
0.868928
0.650091
0.434652
0.431438
0.640684
0.005781
0.113912
0.666504
0.610090
0.651518
0.603465
0.744109
0.779169
0.618492
0.116717
0.317362
0.193053
0.003111
0.927519
0.546474
0.933900
0.451174
0.023693
0.794592
0.352583
0.104910
0.687654
0.466236
0.965936
0.799462
0.443641
0.834864
0.449553
0.878294
0.266302
0.090238
0.884075
0.380214
0.756742
0.494165
0.031732
0.360206
0.238274
0.810901
0.978698
0.354991
0.128263
0.171751
0.358101
0.055782
0.718224
0.292001
0.506956
0.741918
0.086593
0.859539
0.846828
0.774247
0.325775
0.812764
0.573709
0.769416
0.647628
0.023262
0.647710
0.913930
0.113500
0.531785
0.294144
0.870242
0.025950
0.325876
0.230448
0.264223
0.136777
0.209146
0.619214
0.265040
0.380897
0.977316
0.320822
0.099121
0.269317
0.827778
0.841039
0.355910
0.687317
0.687867
0.130157
0.013092
0.500630
0.703866
0.782508
0.148258
0.727128
0.430218
0.062188
0.840628
0.962003
0.356332
0.710870
0.987952
0.682208
0.941318
0.252176
0.818984
0.150464
0.871390
0.084025
0.531361
0.848705
0.404847
0.630482
0.118022
0.232625
0.471520
0.473932
0.919942
0.159387
0.604088
0.933035
0.660017
0.307954
0.715543
0.808275
0.035082
0.145761
0.870462
0.875710
0.107764
0.226794
0.586581
0.095716
0.909001
0.527899
0.347892
0.727986
0.678363
0.219282
0.812010
0.209723
0.067987
0.216857
0.840205
0.186009
0.449482
0.311725
0.659941
0.369424
0.471112
0.264029
0.302459
0.131129
0.571984
0.018002
0.939404
0.607066
0.163763
0.809866
0.482776
0.271527
0.036660
0.069357
0.367243
0.945661
0.597255
0.715135
0.673647
0.275618
0.934417
0.485657
0.485342
0.002404
0.702514
0.325547
0.188413
0.151996
0.637272
0.848355
0.521420
0.108384
0.112384
0.823879
0.239513
0.684368
0.841881
0.178917
0.291433
0.005644
0.988782
0.774210
0.277171
0.025442
0.843566
0.644414
0.971103
0.440822
0.359550
0.644750
0.716440
0.293966
0.130407
0.201782
0.296371
0.832921
0.527329
0.484784
0.984917
0.164601
0.333139
0.506337
0.272985
0.445523
0.330217
0.512498
0.129890
0.172098
0.691414
0.421324
0.177742
0.680197
0.195533
0.454914
0.705639
0.039100
0.099328
0.676742
0.479922
0.458878
0.321491
0.196362
0.752844
0.451898
0.398144
0.049215
0.284819
0.925472
0.533999
0.269736
0.090073
0.867138
0.776074
0.363057
0.312660
0.106290
0.875555
0.442551
0.278388
0.566969
0.863875
0.456130
0.247166
0.059408
0.911044
0.952804
0.098508
0.010372
0.629546
0.578429
0.469250
0.951037
0.774791
0.222094
0.402935
0.172934
0.271309
0.687754
0.098406
0.805308
0.957490
0.188479
0.672446
0.733564
0.551537
0.985106
0.839854
0.427092
0.427657
0.118242
0.994061
0.291532
0.574373
0.241226
0.350939
0.485417
0.194030
0.449447
0.495789
0.823576
0.027876
0.965039
0.774613
0.802667
0.187133
0.177548
0.975601
0.458442
0.865302
0.074007
0.263750
0.822792
0.262487
0.936196
0.556356
0.814023
0.921302
0.396211
0.241115
0.348959
0.514453
0.235175
0.640491
0.088826
0.476402
0.991430
0.574243
0.670432
0.440877
0.070032
0.494008
0.468753
0.035071
0.268620
0.271420
0.222205
0.446168
0.247021
0.680647
0.311470
0.321028
0.944398
0.134263
0.583515
0.880594
0.690619
0.397538
0.801896
0.086830
0.638653
0.150855
0.601283
0.873829
0.791346
0.690108
0.350230
0.782776
0.264351
0.020662
0.223653
0.334383
0.514670
0.692406
0.369454
0.783290
0.963826
0.591659
0.229458
0.210847
0.272306
0.540928
0.531875
0.216703
0.675191
0.115391
0.097297
0.365810
0.512929
0.899193
0.452640
0.151582
0.050048
0.053923
0.025411
0.841394
0.744031
0.375641
0.624170
0.008382
0.396303
0.847823
0.342765
0.910973
0.540229
0.712220
0.694263
0.504055
0.303878
0.923721
0.714902
0.576184
0.464649
0.246778
0.792888
0.139840
0.362168
0.890185
0.505650
0.875097
0.789378
0.958290
0.026680
0.839426
0.012212
0.052091
0.680820
0.756243
0.427732
0.304990
0.764625
0.824035
0.152813
0.107391
0.735008
0.693042
0.819610
0.429271
0.197098
0.123489
0.352992
0.912000
0.699673
0.817641
0.158778
0.492561
0.957481
0.520946
0.382746
0.463130
0.396044
0.172124
0.421420
0.422723
0.011549
0.433632
0.474814
0.692369
0.189875
0.902546
0.997359
0.954501
0.726582
0.150172
0.061892
0.461590
0.843214
0.881502
0.890861
0.040311
0.004990
0.243853
0.952311
0.704663
0.061494
0.111089
0.197224
0.018975
0.632035
0.579970
0.482105
0.028079
0.752094
0.903525
0.450802
0.763643
0.337157
0.925617
0.456012
0.527033
0.828163
0.453371
0.481534
0.554745
0.603543
0.543425
0.016335
0.446756
0.424927
0.907196
0.487067
0.429918
0.151049
0.439379
0.134581
0.212543
0.550468
0.331805
0.231518
0.182503
0.911775
0.713623
0.210582
0.663869
0.617148
0.661385
0.427512
0.954305
0.587001
0.883524
0.481338
0.415164
0.336895
0.962872
0.969909
0.940438
0.506297
0.986244
0.387194
0.931225
0.893440
0.874261
0.361142
0.044489
0.313640
0.495723
0.257033
0.864108
0.827529
0.488551
0.046611
0.739304
0.202174
0.257193
0.403173
0.819322
0.918578
0.830685
0.773628
0.505579
0.714209
0.254966
0.920743
0.051104
0.217838
0.890652
0.991542
0.724135
0.876896
0.378736
0.655360
0.770336
0.252998
0.016502
0.814825
0.566638
0.512225
0.071858
0.430745
0.339754
0.560409
0.477356
0.079058
0.762583
0.734549
0.482231
0.581905
0.653127
0.312916
0.355532
0.158706
0.027126
0.610498
0.079449
0.078230
0.828336
0.970101
0.069772
0.552471
0.846996
0.448508
0.207831
0.617332
0.701506
0.224333
0.432157
0.268143
0.736558
0.504015
0.698889
0.076312
0.064423
0.176245
0.155370
0.827006
0.910794
0.637601
0.408911
0.563921
0.950518
0.764443
0.722627
0.977644
0.374942
0.802075
0.055874
0.203278
0.772176
0.125646
0.755749
0.619172
0.574154
0.963580
0.236504
0.275660
0.187913
0.668661
0.543804
0.924471
0.172676
0.242693
0.000783
0.237099
0.418938
0.156153
0.064105
0.329732
0.793755
0.473016
0.893653
0.744273
0.237460
0.616280
0.721916
0.612401
0.418355
0.777790
0.815679
0.190531
0.903436
0.571428
0.809703
0.477590
0.535008
0.046208
0.753251
0.722921
0.714869
0.297054
0.647392
0.887544
0.539747
0.648175
0.124644
0.958684
0.804329
0.188749
0.288416
0.598083
0.661766
0.182069
0.342356
0.899225
0.798348
0.064272
0.511627
0.216703
0.842062
0.327305
0.407234
0.745498
0.898733
0.216938
0.223089
0.433741
0.263145
0.976339
0.156662
0.978014
0.273394
0.804054
0.865558
0.813141
0.452230
0.990202
0.771825
0.256558
0.178951
0.060241
0.854642
0.840716
0.242310
0.196998
0.739942
0.040659
0.261270
0.251568
0.257362
0.103332
0.578874
0.664597
0.848830
0.477607
0.881534
0.071919
0.911348
0.144680
0.048258
0.068010
0.122694
0.321652
0.872064
0.988252
0.134793
0.324294
0.978454
0.906618
0.580852
0.157405
0.966859
0.435494
0.998121
0.209169
0.632491
0.738063
0.249827
0.893761
0.989631
0.507190
0.997093
0.568505
0.171786
0.845924
0.046112
0.053320
0.917843
0.957460
0.198000
0.966101
0.025470
0.320694
0.287753
0.897534
0.308945
0.422546
0.221828
0.287399
0.329164
0.802681
0.444804
0.296022
0.238174
0.442925
0.505191
0.870666
0.180988
0.755019
0.764427
0.170619
0.262208
0.761521
0.739123
0.433994
0.607444
0.785235
0.487315
0.525288
0.742695
0.685315
0.491389
0.768165
0.006008
0.779142
0.665699
0.314954
0.201688
0.887528
0.602353
0.530852
0.690208
0.047157
0.826874
0.928383
0.490081
0.332065
0.799048
0.671069
0.087084
0.563475
0.841687
0.349292
0.324996
0.580811
0.783286
0.932440
0.366046
0.270601
0.457728
0.108740
0.955915
0.949117
0.876905
0.961924
0.728259
0.542604
0.276877
0.929948
0.430132
0.879230
0.460800
0.120340
0.926387
0.287674
0.048722
0.416468
0.619739
0.847771
0.087537
0.706823
0.411246
0.929224
0.056115
0.736242
0.510035
0.839401
0.668682
0.876081
0.110002
0.126410
0.984821
0.065918
0.075527
0.861726
0.027841
0.803786
0.404330
0.304718
0.733734
0.834462
0.183949
0.194533
0.954802
0.110335
0.482207
0.003524
0.526803
0.101946
0.851295
0.614340
0.808770
0.262541
0.543564
0.864885
0.998783
0.053599
0.704286
0.667465
0.929680
0.814289
0.793875
0.914501
0.880206
0.869402
0.776227
0.908047
0.673188
0.180557
0.212766
0.406922
0.015018
0.396714
0.601455
0.969820
0.507050
0.083662
0.973344
0.033853
0.185609
0.824639
0.648193
0.994378
0.087180
0.191757
0.859263
0.085963
0.245356
0.563549
0.753428
0.175036
0.377838
0.547303
0.089537
0.258044
0.416704
0.865764
0.166091
0.089892
0.046320
0.378857
0.496814
0.061339
0.775571
0.098269
0.031159
0.282621
0.181931
0.004503
0.316474
0.367540
0.829142
0.964666
0.361918
0.916321
0.156423
0.221181
0.002284
0.401780
0.784730
0.755712
0.576816
0.162568
0.303014
0.666353
0.420612
0.719719
0.532117
0.586703
0.809611
0.578437
0.965560
0.306425
0.639776
0.741132
0.404694
0.670935
0.023753
0.586625
0.675438
0.340226
0.954165
0.504579
0.304893
0.316083
0.420901
0.461316
0.537264
0.423185
0.863096
0.321995
0.178896
0.439912
0.484563
0.481911
0.106265
0.905175
0.201629
0.638382
0.491878
0.011240
0.216819
0.457438
0.317665
0.856595
0.198570
0.722359
0.527530
0.222323
0.308985
0.202968
0.562549
0.263150
0.707547
0.867442
0.579233
0.128448
0.328758
0.116497
0.551633
0.191854
0.438492
0.730529
0.631766
0.923055
0.212440
0.738031
0.828229
0.414069
0.376413
0.320107
0.425310
0.593232
0.777546
0.742975
0.449827
0.976116
0.465334
0.977357
0.198439
0.774319
0.180325
0.760988
0.037469
0.887872
0.628430
0.616702
0.016320
0.957188
0.733199
0.567953
0.149041
0.171691
0.298483
0.780807
0.094746
0.510923
0.518838
0.922975
0.924992
0.895251
0.243083
0.350302
0.488483
0.020629
0.093277
0.938310
0.996744
0.558611
0.915667
0.195183
0.332930
0.095992
0.956171
0.370399
0.983865
0.584600
0.987101
0.000185
0.541788
0.720300
0.568138
0.690829
0.891992
0.866621
0.471637
0.986738
0.377544
0.990475
0.909713
0.302536
0.885725
0.152796
0.652838
0.374208
0.173425
0.746115
0.312518
0.170169
0.304726
0.228185
0.365352
0.637656
0.324177
0.321522
0.008055
0.308041
0.906123
0.995156
0.308226
0.447910
0.715456
0.876365
0.138740
0.607448
0.742986
0.610376
0.594185
0.120530
0.600851
0.503899
0.423066
0.486576
0.656695
0.075904
0.860784
0.830119
0.822019
0.173302
0.000288
0.126745
0.401487
0.365640
0.764401
0.725663
0.687162
0.772456
0.033705
0.593285
0.767612
0.341931
0.041195
0.483068
0.218296
0.179935
0.090515
0.961282
0.790312
0.684700
0.081812
0.391162
0.188599
0.504878
0.877739
0.845293
0.580782
0.738523
0.675413
0.402801
0.911825
0.675701
0.529546
0.313312
0.041340
0.293948
0.038975
0.728503
0.066404
0.072680
0.321788
0.834015
0.414611
0.362983
0.317083
0.632907
0.542918
0.407598
0.594189
0.333230
0.092298
0.676000
0.724392
0.280897
0.180878
0.602131
0.126191
0.761661
0.340654
0.801603
0.164462
0.252479
0.477304
0.694009
0.565791
0.518644
0.987956
0.604766
0.247147
0.054360
0.677445
0.568934
0.888375
0.092056
0.931918
0.205458
0.724963
0.474836
0.613056
0.319151
0.808066
0.705354
0.995152
0.532458
0.986251
0.176030
0.134589
0.112442
0.937691
0.475243
0.914045
0.102153
0.727723
0.391349
0.796162
0.293513
0.909993
0.784118
0.898279
0.157139
0.838478
0.575725
0.726074
0.726853
0.667781
0.657991
0.932310
0.392744
0.132827
0.545366
0.711895
0.940893
0.250720
0.707047
0.473351
0.236971
0.883077
0.607940
0.349413
0.820768
0.083183
0.263458
0.922921
0.810906
0.654806
0.719083
0.104419
0.564799
0.503201
0.002699
0.721938
0.341678
0.578423
0.448012
0.068531
0.246204
0.106003
0.000841
0.638948
0.238830
0.546207
0.350843
0.179723
0.796927
0.057890
0.653074
0.033898
0.940967
0.261014
0.383311
0.761735
0.344197
0.646768
0.684657
0.155103
0.301574
0.403739
0.259523
0.866373
0.906940
0.262221
0.588311
0.248619
0.840645
0.036324
0.317150
0.086849
0.142327
0.317991
0.725797
0.381157
0.864198
0.076641
0.560881
0.661125
0.134531
0.213955
0.695023
0.075498
0.474969
0.078334
0.837234
0.819166
0.725102
0.521890
0.974269
0.026676
0.925630
0.233792
0.893050
0.832570
0.496013
0.481361
0.081189
0.336658
0.517685
0.398338
0.423507
0.660011
0.716329
0.149304
0.041169
0.580527
0.225945
0.602050
0.241652
0.360476
0.816004
0.936675
0.435975
0.290973
0.015009
0.273208
0.110140
0.740111
0.795099
0.084409
0.766788
0.720729
0.318201
0.659837
0.553298
0.814214
0.141198
0.634487
0.150872
0.658883
0.032825
0.574379
0.318894
0.749154
0.723683
0.360063
0.329681
0.949628
0.962113
0.571333
0.310104
0.778117
0.508009
0.746079
0.069091
0.523018
0.019287
0.179230
0.263129
0.814386
0.263639
0.029917
0.535114
0.581840
0.689754
0.088413
0.396054
0.830952
0.722900
0.546926
0.489835
0.755725
0.121305
0.808729
0.504879
0.844988
0.168792
0.834560
0.794616
0.130905
0.405893
0.104721
0.909022
0.913902
0.850800
0.978113
0.436919
0.870087
0.157343
0.700049
0.684473
0.420982
0.729965
0.219587
0.002823
0.419719
0.308000
0.398877
0.250671
0.030900
0.945803
0.740506
0.786624
0.067108
0.549236
0.291503
0.912096
0.718028
0.126063
0.706712
0.848933
0.531956
0.811433
0.757956
0.445857
0.662232
0.736069
0.882777
0.532319
0.893412
0.582825
0.216792
0.314395
0.312791
0.436379
0.317217
0.732510
0.744378
0.716094
0.983182
0.775278
0.661897
0.723688
0.561903
0.729005
0.272924
0.853406
0.641101
0.990952
0.979469
0.347813
0.839885
0.511424
0.159246
0.597841
0.957282
0.821478
0.333910
0.840059
0.353797
0.227323
0.422884
0.570589
0.541717
0.735675
0.006967
0.858935
0.468185
0.751346
0.575029
0.451367
0.526624
0.236926
0.175055
0.088527
0.965931
0.447978
0.941932
0.607032
0.438930
0.921401
0.954845
0.278816
0.432825
0.114090
0.876657
0.390107
0.935569
0.210567
0.230166
0.289366
0.437890
0.653050
0.859955
0.979607
0.388725
0.866922
0.838542
0.856910
0.618268
0.413571
0.308277
0.144892
0.650497
0.483332
0.233419
0.616428
0.931310
0.175351
0.223460
0.370240
0.096752
0.178304
0.649056
0.529577
0.292395
0.525713
0.919684
0.227963
0.736281
0.149850
0.517329
0.174171
0.802901
0.377284
0.153778
0.191626
0.244206
0.992320
0.048536
0.862474
0.405891
0.356813
0.007366
0.056388
0.840145
0.240785
0.672816
0.771455
0.416136
0.896276
0.141695
0.512887
0.074580
0.790752
0.042464
0.366975
0.316465
0.962149
0.594938
0.052746
0.111999
0.112267
0.226916
0.914900
0.489550
0.380694
0.106526
0.733756
0.373014
0.155062
0.596230
0.778906
0.511875
0.603596
0.835294
0.352020
0.844381
0.508110
0.123475
0.260517
0.404386
0.265170
0.773404
0.478966
0.055922
0.815868
0.845940
0.372387
0.778017
0.440878
0.425132
0.890016
0.553145
0.652049
0.804916
0.042695
0.032743
0.911441
0.776451
0.405757
0.066503
0.372681
0.184663
0.578378
0.976278
0.019957
0.930398
0.820659
0.528067
0.053873
0.081175
0.932453
0.319044
0.854579
0.411419
0.374966
0.670448
0.257359
0.747353
0.448465
0.698237
0.172485
0.338481
0.251381
0.824534
0.143397
0.294076
0.857277
0.054838
0.070528
0.263034
0.121341
0.443209
0.447697
0.699719
0.419487
0.467653
0.630118
0.240146
0.995720
0.683991
0.321321
0.928173
0.003034
0.175900
0.339592
0.378000
0.846348
0.596950
0.125352
0.294812
0.295187
0.297837
0.633293
0.546569
0.122371
0.776690
0.840645
0.979648
0.831528
0.911173
0.242682
0.952869
0.354382
0.690378
0.652588
0.773868
0.158032
0.282706
0.014014
0.153752
0.966697
0.335335
0.081925
0.969731
0.511235
0.421516
0.347730
0.357583
0.018467
0.473083
0.652395
0.313654
0.770920
0.285688
0.860223
0.893291
0.062378
0.700868
0.872939
0.893905
0.612040
0.115621
0.846774
0.966422
0.805999
0.499363
0.740290
0.964031
0.782069
0.754304
0.117782
0.748765
0.089639
0.199707
0.718496
0.600874
0.621224
0.066226
0.958457
0.639691
0.539309
0.610853
0.953345
0.310229
0.896541
0.813567
0.203521
0.958918
0.514435
0.076460
0.852824
0.126475
0.192081
0.699598
0.092897
0.998080
0.198961
0.833187
0.962110
0.981030
0.587491
0.079893
0.729795
0.677130
0.279600
0.448291
0.278004
0.900824
0.514517
0.236462
0.540515
0.053826
0.847314
0.493860
0.364056
0.743855
0.307427
0.567577
0.702773
0.821862
0.644037
0.555597
0.948337
0.836117
0.255196
0.041234
0.834197
0.454157
0.874420
0.796308
0.435186
0.461911
0.876200
0.164981
0.139041
0.155801
0.613272
0.417046
0.056625
0.127790
0.653508
0.597140
0.181616
0.500822
0.091000
0.545672
0.244677
0.398427
0.113248
0.947450
0.220289
0.757285
0.503048
0.168626
0.593402
0.758243
0.209859
0.427600
0.212400
0.084280
0.223907
0.647586
0.546191
0.100108
0.812568
0.685232
0.255909
0.425840
0.102278
0.312534
0.553630
0.755786
0.909674
0.735246
0.256608
0.000673
0.280917
0.501285
0.399100
0.394166
0.448735
0.619389
0.151451
0.951783
0.788015
0.744853
0.710026
0.997875
0.172453
0.922426
0.082154
0.396360
0.570012
0.628345
0.496468
0.382580
0.313578
0.752377
0.808420
0.415856
0.064911
0.362050
0.171642
0.974584
0.097295
0.428250
0.975258
0.378212
0.929534
0.374358
0.772378
0.378270
0.993747
0.923829
0.330052
0.781762
0.668682
0.040078
0.779637
0.841135
0.962504
0.861791
0.237495
0.532516
0.490137
0.733963
0.915096
0.803715
0.486340
0.723516
0.219571
0.551251
0.085565
0.391212
0.525835
0.182861
0.819462
0.501093
0.561073
0.748997
0.875451
0.333451
0.127266
0.869198
0.257280
0.457318
0.650960
0.925961
0.497397
0.430597
0.767096
0.459901
0.292388
0.004591
0.992417
0.782525
0.738554
0.907513
0.586239
0.224894
0.631029
0.805810
0.776145
0.716595
0.197022
0.301980
0.899455
0.016484
0.803073
0.460528
0.765481
0.678523
0.793979
0.892747
0.547721
0.051259
0.350066
0.198681
0.977220
0.847462
0.629278
0.744316
0.307363
0.921666
0.748907
0.299780
0.704191
0.487461
0.207293
0.290430
0.712356
0.838322
0.096240
0.488501
0.554917
0.293262
0.790481
0.454372
0.309746
0.593553
0.914900
0.075227
0.272076
0.708879
0.967975
0.819797
0.760138
0.318040
0.018478
0.737358
0.165502
0.647756
0.481674
0.472865
0.569422
0.230582
0.772645
0.273613
0.718043
0.979939
0.564043
0.430399
0.818261
0.660282
0.918899
0.373177
0.953544
0.709380
0.827549
0.263291
0.302933
0.742449
0.338518
0.575010
0.451328
0.306493
0.394807
0.211466
0.624533
0.413285
0.948824
0.790035
0.061042
0.430498
0.262900
0.630464
0.661080
0.035546
0.904076
0.379123
0.015484
0.468119
0.809521
0.833745
0.128401
0.728421
0.206922
0.081945
0.437801
0.034471
0.345236
0.740734
0.776921
0.683754
0.315744
0.228249
0.990247
0.710551
0.439714
0.614780
0.123836
0.388538
0.404815
0.184878
0.819036
0.667715
0.815341
0.480116
0.703261
0.719417
0.859239
0.718745
0.187536
0.668760
0.552490
0.315937
0.397181
0.759413
0.397882
0.834982
0.793884
0.743119
0.575716
0.570805
0.426873
0.891459
0.799053
0.417120
0.602010
0.238768
0.031900
0.725847
0.627306
0.436715
0.910724
0.446342
0.104431
0.726066
0.926458
0.807692
0.445483
0.785697
0.526438
0.633019
0.454457
0.078928
0.948956
0.851638
0.838341
0.346839
0.686619
0.632225
0.089958
0.262335
0.203030
0.516831
0.153794
0.002083
0.933951
0.755805
0.240851
0.965851
0.481651
0.868157
0.402567
0.392376
0.314499
0.506997
0.118441
0.240957
0.314689
0.563924
0.026654
0.841127
0.196944
0.481111
0.920055
0.145900
0.332749
0.758396
0.492739
0.019369
0.390621
0.582697
0.281704
0.593650
0.099527
0.435498
0.595734
0.033478
0.191302
0.836584
0.999330
0.672954
0.704741
0.401896
0.065329
0.019240
0.908894
0.183770
0.260197
0.223583
0.747695
0.286852
0.064710
0.944639
0.767963
0.984765
0.090539
0.100713
0.743161
0.583278
0.120081
0.133781
0.165975
0.401785
0.727432
0.265502
0.837283
0.323165
0.298980
0.028585
0.159750
0.298310
0.701539
0.864491
0.700206
0.766868
0.883731
0.609100
0.950638
0.143928
0.832683
0.698333
0.430780
0.897393
0.642972
0.198743
0.882158
0.733511
0.299456
0.625319
0.316789
0.419537
0.759100
0.482764
0.821322
0.486532
0.748266
0.658605
0.809697
0.047246
0.687190
0.969447
0.345556
0.388729
0.833937
0.045762
0.155597
0.717668
0.654862
0.106235
0.861596
0.487545
0.804568
0.292376
0.384937
0.447540
0.491120
0.267095
0.181051
0.790576
0.892414
0.497840
0.210113
0.651514
0.980604
0.031435
0.138046
0.728870
0.690040
0.947743
0.776116
0.377230
0.917190
0.121672
0.765959
0.751127
0.167434
0.921556
0.468796
0.822295
0.027791
0.330392
0.309840
0.832359
0.622768
0.694777
0.279900
0.113888
0.961873
0.460951
0.904464
0.854287
0.958791
0.114577
0.505801
0.939395
0.146012
0.643847
0.668264
0.836052
0.591591
0.444380
0.213282
0.508781
0.566052
0.979240
0.259908
0.733486
0.900796
0.728704
0.555781
0.928587
0.059095
0.865621
0.760946
0.681864
0.560399
0.040845
0.795752
0.522271
0.501796
0.700215
0.376558
0.460587
0.814792
0.882360
0.399982
0.960804
0.526207
0.068246
0.796856
0.117797
0.512627
0.010137
0.626578
0.078679
0.989378
0.886486
0.812164
0.890174
0.615190
0.367945
0.818760
0.674285
0.233566
0.579706
0.356149
0.793965
0.620551
0.151901
0.316236
0.122347
0.852116
0.692795
0.582935
0.666908
0.575155
0.982917
0.627712
0.101361
0.051163
0.424568
0.219159
0.563790
0.434705
0.845737
0.642468
0.424083
0.732223
0.454632
0.314256
0.347413
0.822578
0.133016
0.021698
0.056144
0.712722
0.377847
0.850109
0.333274
0.529747
0.166346
0.455621
0.381863
0.859141
0.038556
0.048771
0.434295
0.021472
0.676483
0.535657
0.072635
0.101051
0.754815
0.636425
0.535756
0.600553
0.278893
0.959839
0.332776
0.733526
0.274095
0.680188
0.556104
0.407111
0.701886
0.612248
0.119834
0.079733
0.462357
0.453107
0.609480
0.628703
0.908728
0.991343
0.487843
0.947284
0.040114
0.922138
0.968756
0.716597
0.457795
0.041392
0.817648
0.212610
0.677817
0.353404
0.813163
0.956710
0.313243
0.145938
0.690236
0.587338
0.826127
0.246340
0.994449
0.528013
0.858588
0.114282
0.607745
0.320945
0.567390
0.217225
0.949647
0.476118
0.208568
0.437491
0.423402
0.248682
0.359629
0.392158
0.965279
0.817424
0.433550
0.782927
0.030034
0.111367
0.136331
0.843197
0.068077
0.449574
0.989136
0.758313
0.036912
0.815262
0.004652
0.031361
0.343275
0.863240
0.145643
0.951020
0.184185
0.713033
0.168245
0.133832
0.189151
0.376813
0.571322
0.612553
0.625495
0.930951
0.004711
0.590773
0.748375
0.438261
0.373700
0.778409
0.549628
0.510031
0.621606
0.617705
0.959605
0.610742
0.376017
0.996517
0.426004
0.380670
0.027877
0.769279
0.243910
0.173520
0.720299
0.428095
0.886553
0.888545
0.561926
0.075704
0.265358
0.133249
0.688257
0.890853
0.064200
0.692968
0.481626
0.812576
0.131229
0.855326
0.590985
0.680857
0.365357
0.212591
0.298561
0.324963
0.823333
0.674579
0.321479
0.249338
0.055249
0.349357
0.018617
0.299159
0.522877
0.738916
0.727253
0.409430
0.627461
0.289180
0.485134
0.892819
0.422429
0.173391
0.783672
0.486629
0.866359
0.265297
0.299205
0.997588
0.120624
0.890189
0.678445
0.485981
0.102781
0.977006
0.810943
0.926114
0.651585
0.132423
0.175452
0.706834
0.481780
0.194069
0.005993
0.004657
0.932985
0.733247
0.414087
0.560446
0.022427
0.899222
0.453265
0.444855
0.072613
0.236937
0.931484
0.938972
0.502234
0.230689
0.936560
0.622858
0.120878
0.615005
0.108839
0.223659
0.592011
0.919782
0.149774
0.243597
0.052205
0.325226
0.950431
0.533985
0.519294
0.956424
0.538641
0.452279
0.689671
0.952729
0.012726
0.712098
0.851950
0.465991
0.156953
0.924563
0.702927
0.088438
0.863535
0.205161
0.319126
0.800095
0.828019
0.440005
0.415100
0.936858
0.663664
0.007111
0.856640
0.813438
0.250708
0.908844
0.138664
0.201139
0.442829
0.657958
0.157563
0.981470
0.110237
0.847235
0.934199
0.122963
0.559332
0.786149
0.588954
0.716285
0.710712
0.291881
0.804723
0.574247
0.497043
0.123849
0.374342
0.325062
0.563854
0.789442
0.261919
0.227519
0.796553
0.118559
0.040956
0.047261
0.027403
0.179620
0.248400
0.470232
0.837578
0.405964
0.451703
0.947816
0.253198
0.385902
0.070779
0.812531
0.172051
0.659732
0.528816
0.882763
0.951613
0.333539
0.457011
0.448656
0.457389
0.831353
0.773718
0.021243
0.620795
0.035637
0.248761
0.417349
0.154196
0.289718
0.464610
0.181599
0.469338
0.713010
0.651831
0.306916
0.118974
0.103534
0.254732
0.372172
0.489435
0.325510
0.184703
0.661486
0.985243
0.713519
0.544249
0.936856
0.047058
0.001260
0.385512
0.504446
0.832613
0.159230
0.525689
0.453408
0.194867
0.774451
0.870757
0.349062
0.064168
0.335367
0.530661
0.533506
0.048377
0.182492
0.840422
0.167351
0.286026
0.095154
0.539523
0.775461
0.420664
0.724226
0.436947
0.405907
0.437745
0.981196
0.342763
0.484802
0.982456
0.728275
0.989249
0.815070
0.887505
0.514938
0.268478
0.082372
0.289388
0.139235
0.431434
0.353557
0.474602
0.962095
0.887063
0.522979
0.144587
0.727486
0.690330
0.430613
0.822640
0.229854
0.206074
0.243304
0.954080
0.643021
0.649211
0.391824
0.624217
0.991974
0.876627
0.606674
0.720249
0.865875
0.421743
0.607754
0.380813
0.690221
0.690126
0.670201
0.829456
0.121560
0.023758
0.304059
0.083655
0.910821
0.827038
0.228242
0.638307
0.517368
0.658855
0.460947
0.747222
0.864929
0.704251
0.701302
0.507950
0.353462
0.093126
0.132167
0.345436
0.969752
0.738840
0.065686
0.835628
0.160584
0.673440
0.216441
0.850805
0.363566
0.886642
0.680261
0.485126
0.910401
0.984320
0.568781
0.821222
0.811358
0.797023
0.459529
0.328726
0.455879
0.920476
0.075949
0.320808
0.624727
0.777250
0.828757
0.978189
0.870376
0.960924
0.323625
0.840129
0.699764
0.389311
0.675757
0.860348
0.062751
0.892197
0.711153
0.426317
0.778840
0.391414
0.911443
0.689241
0.375734
0.480224
0.510463
0.187092
0.277248
0.969992
0.515819
0.733127
0.890468
0.591767
0.053934
0.515194
0.369018
0.882691
0.493383
0.239394
0.843615
0.817008
0.079523
0.543380
0.206319
0.755279
0.403728
0.269070
0.647477
0.114881
0.695386
0.426317
0.506295
0.606830
0.115557
0.882029
0.087054
0.626020
0.069121
0.364302
0.596012
0.584940
0.097429
0.486479
0.176707
0.151363
0.001674
0.545725
0.034054
0.495057
0.785119
0.877670
0.312065
0.864641
0.421050
0.518384
0.619920
0.824777
0.787453
0.267397
0.939658
0.482840
0.693714
0.445953
0.089669
0.809271
0.327982
0.176724
0.435291
0.397103
0.541026
0.031302
0.982043
0.638455
0.517782
0.158750
0.789818
0.519455
0.704475
0.823872
0.014512
0.489594
0.701542
0.326577
0.354235
0.122591
0.844961
0.974155
0.947369
0.632414
0.241552
0.887027
0.115254
0.935266
0.332980
0.204924
0.744537
0.660962
0.381647
0.179828
0.058065
0.922673
0.211130
0.040108
0.561128
0.728912
0.198859
0.350945
0.248368
0.903334
0.174817
0.262880
0.392927
0.876359
0.589457
0.747162
0.998950
0.434418
0.721318
0.946319
0.066833
0.962870
0.833345
0.182087
0.898136
0.166325
0.387010
0.642673
0.827287
0.768658
0.822501
0.885353
0.691331
0.033632
0.925461
0.252459
0.762544
0.124320
0.603404
0.010911
0.027654
0.778221
0.273791
0.420581
0.654580
0.863248
0.167743
0.653530
0.297667
0.889061
0.599848
0.364499
0.851931
0.433194
0.546586
0.750067
0.599519
0.933597
0.392740
0.426806
0.702254
0.215242
0.312159
0.393585
0.248873
0.237620
0.646044
0.011417
0.361940
0.249448
0.022328
0.389593
0.027669
0.296120
0.810174
0.682248
0.159368
0.977917
0.335778
0.457035
0.866978
0.935626
0.821534
0.718909
0.368820
0.368120
0.468976
0.968338
0.301717
0.861716
0.395144
0.003972
0.076958
0.707303
0.397557
0.325831
0.944923
0.043601
0.337248
0.306862
0.293048
0.359576
0.696456
0.320717
0.655696
0.506630
0.002965
0.815064
0.484547
0.338743
0.272098
0.351525
0.274369
0.093633
0.070434
0.643189
0.461753
0.539409
0.611527
0.763470
0.401125
0.006671
0.767442
0.478083
0.713974
0.164999
0.803914
0.658897
0.208599
0.141161
0.965760
0.501647
0.500738
0.662215
0.822364
0.156433
0.168845
0.825329
